-2.462613731622695923e-01
2.383258342742919922e-01
4.718077480792999268e-01
1.830637156963348389e-01
-4.037567377090454102e-01
3.734132349491119385e-01
-4.466050267219543457e-01
4.088058471679687500e-01
-3.738120496273040771e-01
-6.548074483871459961e-01
4.023634195327758789e-01
-1.209317520260810852e-01
2.139088869094848633e+00
4.850051701068878174e-01
5.180636048316955566e-01
1.331199884414672852e+00
1.322854608297348022e-01
-1.238836288452148438e+00
5.653349757194519043e-01
-1.485898345708847046e-01
1.395404189825057983e-01
-1.975536495447158813e-01
-1.534079909324645996e-01
-4.034619629383087158e-01
5.556287169456481934e-01
-4.921383261680603027e-01
-2.578553259372711182e-01
-9.974922537803649902e-01
3.167118132114410400e-01
4.263264179229736328e+00
-1.088618040084838867e+00
-1.158906817436218262e+00
-7.726576328277587891e-01
-7.144283056259155273e-01
-1.869781255722045898e+00
-1.738232374191284180e+00
-1.876044720411300659e-01
-8.489022850990295410e-01
-2.506248652935028076e-01
9.301470220088958740e-02
1.384789645671844482e-01
2.099643647670745850e-01
-8.312834501266479492e-01
9.083658456802368164e-01
-3.977004587650299072e-01
4.957085251808166504e-01
-3.022100627422332764e-01
5.580754876136779785e-01
5.857819318771362305e-01
7.831674218177795410e-01
