-2.693704739491655342e+00
-2.587289196223754514e-02
6.431518696171134586e-01
-1.343517723161960387e+00
-4.685221641752264632e-01
-1.366090404944597436e+00
-7.671196230826214935e-01
-1.757182848931883257e+00
-8.498015346293769090e-01
-6.085624605878376947e-01
4.803169846590984449e-01
-5.811405199673754796e-01
1.722601940252279418e+00
6.525450259437619582e-01
-5.926131943888872655e-01
4.973008924505351036e-01
3.510341587511052186e-01
3.895194675684325869e-01
1.975696633264569790e-01
1.928777450462161314e-01
5.978231801032186654e-01
-6.062218825438698833e-01
7.933836147999105970e-01
-1.102777934947402061e-02
-8.752730089711739936e-01
2.643351475021084585e-01
-1.467247533839022289e-01
1.270204386052520951e+00
1.581715494847996161e-03
-1.097902550274254985e+00
8.443940080110219348e-01
9.090550491688567103e-01
1.035249933498484820e+00
3.512847842704306389e-01
-1.409761974875061163e+00
-1.474424500999511167e+00
1.979646436871027870e-01
-1.404219901823178462e+00
-2.139668893971396757e-01
2.320686119842100548e-01
6.572607383557549365e-01
-3.198816995198837110e-01
1.236573238787220363e+00
-4.346927936261947290e-01
8.940069278985589563e-01
-1.286063956809624653e-01
-1.126457556598531085e+00
-2.137566889560588823e+00
2.181015270614613755e+00
4.138665278283402693e-01
-1.676877386179348228e+00
-1.245117204692027663e-01
6.997740557117592200e-03
-2.136554224671764757e-01
2.145405698161040320e-01
3.613643262007382173e-02
1.710416350884302661e+00
-2.414621028882529830e-01
9.009295596890959379e-02
8.651091998409344841e-01
4.340857310826302662e-01
-1.332348489781708389e+00
9.459077044124003519e-01
5.391320326351591863e-01
8.884961890523156436e-01
1.045262437421155877e+00
-1.535304999561648787e+00
-8.549454224893124898e-01
1.140462514231544988e+00
-2.536999659273477814e-01
-1.942064307841534276e+00
2.957107606736629757e-01
1.103730636488771122e+00
9.467284693301166731e-01
-1.881805872204939112e-01
7.375445191235170395e-01
1.636044466652137597e-01
6.873311575098447479e-01
-7.708089458130708282e-02
9.868429829168561263e-01
2.859063516762748725e-01
8.333221670511037349e-01
1.196538587370924667e+00
1.309710224013762359e+00
1.930398919459232809e+00
6.497076472127525371e-01
4.353960709024949916e-01
-3.596877768755838423e-01
-2.535902405598545739e-01
-2.065438190289931725e-02
7.339916999030912104e-01
5.878429952312785867e-01
1.186986537030317423e+00
8.291030202000009286e-01
9.491777617700578040e-02
-2.202730363320249962e-01
9.596917085659721902e-01
1.141344708280507492e+00
1.002754540641267234e+00
1.435213940793558518e-01
8.547538517415902426e-01
8.568465340899414917e-01
8.064488505939189089e-01
1.038469292370028940e+00
1.371343628746580556e+00
-4.880826920911097710e-01
4.433863018548613311e-01
4.499034823382688786e-01
-8.467079688049447550e-02
2.310166639004938571e-01
-6.881841016569374414e-01
1.310467048598126683e+00
-3.836027476317361851e-01
-1.137952262573800999e+00
9.802151362227439213e-01
-1.077949988348054777e+00
1.453714374642462115e+00
-1.097621697121740070e-01
-1.475909697988617264e+00
6.504916490755355829e-01
4.205154244767398408e-01
5.607452158688478461e-01
-5.967587709121141559e-01
9.539489950588803113e-01
1.321477773475358442e+00
-1.212147733835830188e+00
-4.612712153109276847e-01
8.416048719077089402e-01
1.872144136472464193e-01
-3.438293434223963496e-01
2.715126119104853131e-01
1.759942939249749649e+00
5.689209549184624792e-02
4.076033612925617639e-02
1.221795959042489832e+00
1.943314402838392851e+00
-1.100364801651068092e+00
-1.645595871656430509e+00
-6.872713010232874842e-01
-1.511446720781876252e+00
-1.151963270405786721e+00
-1.989427749696589309e+00
-6.261765794981385413e-01
-5.956259684715946578e-01
-1.663444289144166754e+00
-4.069551017363632339e-01
-3.104202884394976492e-01
5.248387356352661737e-01
-9.629006787748136675e-01
-1.572029098408445735e+00
2.598377027099506575e-01
-1.439156562184308985e+00
-1.226248335224927155e+00
9.873716553342694324e-02
5.446895502372191000e-01
-2.082770549648326419e+00
-1.317662010608923628e+00
7.888866030394842480e-03
-6.745240134757299888e-01
-1.148775659369938307e+00
-1.693197817912557968e+00
-2.617236099769187918e-01
-8.807793814042459701e-03
-1.293527211462603743e+00
6.811764376039963764e-01
-5.767351984332336201e-01
-1.939442107026176088e-01
-9.083502667922475071e-01
-8.417175913106554885e-01
-1.315993591796752904e+00
-1.090561513744741307e+00
-7.938861506624044218e-01
-1.636150813530807602e+00
-6.169995069553705358e-01
-3.636897807213897160e-02
-4.816946136137947865e-01
-3.414743372481240380e-01
-1.793078797231127064e+00
-6.227005803985503629e-01
1.026397021670143739e-01
2.643677717181464049e-01
1.386133806492420850e-01
8.323917769749740181e-01
4.504028448650997940e-01
-2.104132002418362402e-01
7.509459686167951897e-01
1.410234855232174400e+00
1.414604034280856348e+00
-7.512564993689727633e-01
-4.222107293068738110e-01
-1.355560554433546949e+00
-1.606468413853275323e-01
-8.499100317268477589e-01
-2.133378356572407930e-01
-2.298571724731603094e+00
-1.166415951364800252e+00
-1.106218721555883189e+00
-8.622114088322725411e-01
-3.837410112633840575e-01
-1.033623303607600574e+00
-6.633928428566912006e-01
-1.006770506565099366e+00
-1.265457397873368306e+00
3.434430509398452847e-01
4.355720313774991137e-01
-3.685849059607732570e-01
2.021343724736611502e+00
1.648424620938249374e+00
6.372186228347602455e-02
4.359972584621474301e-01
1.161586110369984715e+00
-3.829788783373067051e-01
-6.965632360968939674e-01
-9.028976647254749119e-03
-8.733378127660553769e-01
5.778007872200748019e-02
5.550694168653367289e-01
-8.938146533578819053e-01
-1.316755509249861067e+00
2.836410497754490029e-02
1.746377131817126171e+00
-6.365964296849483395e-01
-2.066475345817048836e+00
-2.227654996904887774e+00
7.235721517794942992e-01
-8.961385867342955835e-01
4.028648308801308781e-02
-1.337435961630387915e+00
7.530228248231570776e-01
8.592881560434389998e-01
-4.760445435955429350e-01
5.445645390042463951e-01
-1.476614797630114717e-01
-4.829204515687015031e-01
-3.203434460501487779e-02
3.471407507584842178e-01
3.502577865799490486e-01
9.972803143564872297e-01
-3.210873510634883465e-01
5.605124310527738185e-01
-1.493237250829275997e-01
7.284431961020936264e-01
5.577722950849046679e-01
-6.071643550285634738e-01
-3.801582748073871754e-01
-7.855992702837019115e-01
-1.580056005364513794e-01
1.097448266488203261e+00
9.771115872915693279e-01
-5.738243727163220287e-01
1.282777899924253839e+00
2.445020906809380890e+00
-2.901671979456583172e-01
4.864154843494746805e-01
5.279033559248609286e-01
4.795854898731985103e-03
-8.952580804480094745e-01
8.016458747111673278e-01
3.763676589912342552e-01
-3.480728787915918221e-01
-2.300983161158758061e-01
-1.313425897528716968e+00
7.710483707817340771e-02
-1.176094479467989951e+00
-1.972712675790381676e+00
1.057213136164494971e+00
4.460563282801511820e-01
-1.734905332303363190e+00
-9.329545605089138993e-01
4.782540184173664222e-01
2.493737270822892427e+00
8.447540334412362295e-01
1.264308513847075988e+00
4.579025934934184000e-02
4.461417051632349806e-01
-5.478590403140085607e-01
3.399935462810582676e-01
-1.072632451862835790e-01
-4.003604995840994163e-01
1.892153376905154893e-01
-1.742605485703291046e-01
1.426835629100060565e-01
5.517050220433818986e-01
2.188550126287727715e-01
8.574635349079725577e-01
7.382768263079798610e-01
-1.816227128958062820e-01
9.299794455294633222e-01
-3.364567657748525342e-02
6.714504190734559286e-01
1.273091302244158785e+00
5.875267835718546161e-01
6.834450988273242933e-01
-1.186840050480153286e+00
-6.812962890467368915e-01
-9.679769589691231690e-01
-6.772354409388786634e-01
-1.194603792133659866e-02
-6.082006027089715827e-01
-3.444452200344539916e-01
4.543256966380982975e-01
-1.273628269867860263e+00
9.151279120425463987e-01
5.237534695393851747e-01
-3.175466363942523046e-02
1.592176651882297456e-01
2.355846619460658098e-01
8.508580533918050359e-02
-1.444089836251199743e-01
3.549322607435836940e-02
1.324310895419349432e+00
-1.593509522432596803e-01
-2.407019674851270108e-01
7.878536222123677657e-01
-2.544812544386848008e-01
7.790391106601186610e-01
2.469708397963415736e-01
-7.880316077679552222e-01
-1.280514965981023878e-01
-7.002498735300636268e-01
-1.288559387317790517e+00
5.483906716431496964e-01
-5.990310874201787775e-03
-1.681026679083826303e-01
1.374204126726927822e+00
8.213408619293453006e-01
-6.630311187637083492e-02
-8.359715289246434367e-01
-1.370008670684276786e-01
1.046094067203630296e+00
-1.448325233431958736e+00
-6.957912210441578038e-01
-1.755966212092066325e-01
6.663060971054314552e-02
-2.338497516458377223e+00
-1.953060045461448180e+00
5.548365836547058949e-01
-1.111745411291257035e+00
-1.206702163574085773e+00
-7.070852172477141984e-02
-1.605699435514813533e+00
1.271629461542982620e+00
-7.110572129179394407e-01
-3.813238355928518231e-01
-1.755714447410102186e-01
1.352325805185821128e+00
-5.954717446179774720e-01
8.789531107468183668e-01
-1.782230974341052210e-02
2.580898841770529750e-01
-4.962011776293485110e-01
-4.087802037186987203e-01
-5.412624081382896302e-01
5.336080800219136222e-01
1.483651461893018830e-01
2.807517513864551617e+00
3.322529135536536060e-01
8.836463625357483531e-01
-2.115242000200341921e-01
-3.789178142736809862e-01
-7.279911026736257673e-01
-4.165905946787165082e-01
-3.931054904296830133e-01
1.153726385098681417e+00
-1.290939895926199510e+00
-1.079192123913361945e+00
4.844612775863944565e-01
-2.261476562015982683e+00
-1.692555508942310771e+00
-1.107363130885487434e+00
-1.405106223416927591e-01
-2.738523585784558012e-01
-6.967798933292662644e-01
-1.030860282555427221e-01
2.234142626604885551e-01
-3.051039832592993273e-01
1.736248213428001286e+00
-2.914609158443886572e-01
-3.285052123959715797e-01
3.099595475857126470e-01
8.379184500612105735e-01
7.192658063896331111e-01
6.779257955773513311e-01
1.337641437357279250e-01
9.600065184557854403e-01
2.298444469979666338e-01
-9.437500097495810092e-01
3.743642962899356719e-01
-7.562075638468300776e-01
-1.110640509024944045e+00
-5.422656671314516341e-01
-1.235199282443922408e+00
8.479560212007467568e-01
-3.083859213255383813e-01
-1.180456058696314425e+00
-1.007689016336889454e+00
-9.404720953834320163e-01
-3.168547762415914737e-01
-5.659380351513559892e-01
5.493744668469914272e-01
-8.846496797336543816e-01
-1.068478902852611601e+00
2.261288887805148196e-01
7.133953419997706158e-01
2.072101423672982057e-01
-5.111636103737925846e-02
-7.955864681790060233e-01
-6.625088051560446001e-01
1.334754006704588214e+00
-7.717119019136646774e-01
-1.073758826728926419e+00
-8.023782494235803808e-01
-4.072381514785468511e-03
-6.288926957606618684e-01
-1.606760885984473974e+00
1.179848504316669128e-01
1.307692244813176030e+00
5.563092848119181033e-01
-4.160948698045796590e-01
6.722790197482834129e-01
-1.733324138943524440e-01
-8.317507184979632262e-01
-9.913154543924919404e-02
-8.257815838069105796e-01
-4.924445705307916032e-01
1.307643077554917044e+00
-1.888765636912617674e-01
-2.471128582997681733e-01
-8.759258586972956673e-01
-4.721980402517332587e-02
7.675660403894860595e-01
-8.930332643285744387e-01
1.182693610482794089e+00
-6.460882027708507724e-01
1.009849375044560515e+00
-1.266014572382967440e+00
3.254654301844040476e-01
-5.458495754994104887e-01
-1.420630503879574125e+00
-1.354022127699507916e+00
5.088858275614351057e-02
1.188456508228424857e+00
9.701839431592710339e-01
6.559483730597697182e-01
8.776766728093949865e-01
3.264937869673671944e-01
-7.552623578900391488e-01
1.977458342889504062e+00
7.862654186754938213e-01
-1.198268594758092442e+00
-9.005800804005698046e-01
7.470818284627250838e-01
-7.703819998137817482e-01
1.534921205377801190e+00
-1.120048756208362528e+00
1.202828687175661937e+00
-7.216126455510080140e-02
-8.277821707471886281e-01
8.749354408001014383e-01
-4.139208843873798949e-01
-1.808952703169185161e-01
4.994078514512091949e-01
-5.042722727663137006e-01
-1.145406853455469331e+00
4.933887952513135722e-01
2.246572205323985327e-01
2.005659775915961118e-01
-4.903658385729478542e-01
-3.313955281659661245e-01
-1.301859244036326135e+00
4.590526280099170298e-01
-5.656309494453787279e-01
-6.988857802000579822e-01
6.510319892043547885e-01
-8.491401474521964587e-01
5.469961976992731012e-01
-7.016593422436852023e-01
-1.307874407454047816e+00
-6.615844487601872936e-01
-1.066543540729542605e-01
5.735740183440930506e-01
-1.405953180176706674e+00
-5.436284748656259325e-01
-5.126140747056249225e-01
8.292315839029280600e-01
-4.099356114044071520e-01
3.180273881975209105e-01
3.719680696954596466e-01
-7.094127180902229934e-01
-6.118046495646728422e-01
4.957804471510256494e-01
3.430284440455571016e-01
3.746315353306641782e-01
1.530804600852025743e+00
-7.269634611865408713e-01
1.004634365037857746e+00
-6.371207919652598362e-01
6.154659721231361402e-01
1.737075011374637379e+00
1.382968882104423036e+00
1.155001005352633392e+00
1.223695684846622500e+00
-5.982556115769411820e-01
-5.572740125774683362e-01
-5.634303495289677555e-01
-4.678472759475232334e-01
-9.802750429646865937e-01
-8.839500742886194917e-01
-4.990970912235367374e-01
1.187186273284846633e-01
1.504945281347935149e+00
4.088536359531474984e-01
7.282671446378987702e-03
-2.247125310141214749e-01
-1.093033125433188424e+00
3.664359425103358991e-01
1.386384386086644827e-01
5.165869542567528283e-01
-4.059214910000952803e-01
5.793529687309264542e-01
3.835692108107391363e-01
-8.509434041831966944e-01
5.218745139159014501e-01
1.883384042972476857e-01
3.375639533715150686e-01
-2.423572510646226918e-01
3.978744979868172882e-01
3.732913066046530393e-01
2.324271285529021513e-01
-5.359459726965075665e-01
1.168819642111247337e-01
1.185340058342366915e-01
-4.414275024021172555e-01
5.981333235984567231e-01
-5.365113346496231950e-01
-7.525527797874503877e-01
6.611594931917211815e-01
7.319938848663822828e-01
7.166646233165572255e-01
8.161013000235425308e-01
1.096886587978997518e+00
2.624227643016845968e-01
-5.466328461527970584e-01
3.983919291239759186e-01
1.348997874091273363e+00
-6.089325909859859554e-01
9.430993246433228006e-01
-3.078381984304222607e-01
1.457443642755119839e+00
1.218347555422591322e+00
7.800885219436962982e-03
-3.531117439087075871e-01
-4.307295056768092878e-02
3.503397492231938304e-01
4.409348199322453143e-01
4.846765229468782965e-01
5.755413778070626041e-01
7.946561113412287103e-01
9.386792819759507411e-01
5.360999749081775123e-01
4.761868668806329974e-01
4.602798479622803862e-01
3.736346892525598262e-01
1.909558098374984636e-01
2.811982784808645872e-02
-7.334197754747731612e-02
3.710206294465704380e-01
2.076892331752235310e-01
2.272083754135073019e-01
-8.737651724820010291e-01
9.209273564813826862e-01
5.675518360134720330e-01
8.259543175030524820e-01
3.474258514774473672e-01
1.171105338767781667e+00
2.497324305924990273e-01
8.116507507821275613e-01
1.304541466737285382e-01
4.339922937319298790e-01
-8.364463634198254782e-02
-2.935744685471354809e-01
5.277480237440442812e-01
7.492125641797166002e-01
4.230246031498477444e-01
4.203045542176064853e-01
-6.722643620619964677e-01
-8.907733400683159886e-01
1.627088804518145082e+00
8.153383115953917182e-01
7.782536908843852297e-01
2.579980658347482247e+00
1.315930937262855371e+00
1.084238351610012474e+00
1.299844968325513328e+00
1.351681526554454837e+00
1.908533650557710182e+00
1.036864753602758427e+00
-2.272820193048400161e-01
-6.821771790417099357e-01
