7.023996859788894653e-02
-1.232446655631065369e-01
-1.649157047271728516e+00
-1.527221798896789551e+00
-1.753802418708801270e+00
-1.543721318244934082e+00
-1.834400177001953125e+00
-1.775933861732482910e+00
-1.464481353759765625e+00
-4.293798208236694336e-01
-1.376305699348449707e+00
-5.355821251869201660e-01
3.790754377841949463e-01
-1.016678214073181152e+00
2.266630381345748901e-01
4.275226593017578125e-01
1.464826762676239014e-01
1.825455129146575928e-01
3.471434414386749268e-01
1.293940067291259766e+00
1.362297534942626953e-01
9.386538267135620117e-01
5.333871394395828247e-02
-8.354436755180358887e-01
1.295555353164672852e+00
-1.177082434296607971e-01
8.948895335197448730e-01
-2.687983810901641846e-01
-9.778948426246643066e-01
1.056845664978027344e+00
6.610296964645385742e-01
-1.551684737205505371e-01
-2.066460400819778442e-01
-1.288577675819396973e+00
-1.574945807456970215e+00
7.111663371324539185e-02
-7.029563188552856445e-01
-1.436717361211776733e-01
-4.935109242796897888e-02
7.039377689361572266e-01
1.012255907058715820e+00
8.963010311126708984e-01
1.484131813049316406e-01
3.944042026996612549e-01
-7.076541334390640259e-02
-7.839275598526000977e-01
-1.709699511528015137e+00
1.317565917968750000e+00
1.233671903610229492e+00
-1.619703888893127441e+00
-4.328117668628692627e-01
-4.236911237239837646e-01
-1.686954796314239502e-01
4.344535171985626221e-01
3.147548437118530273e-01
6.224126219749450684e-01
4.672022163867950439e-02
-5.340684652328491211e-01
5.544463396072387695e-01
6.124484539031982422e-01
-9.737398624420166016e-01
8.695779740810394287e-02
7.080911397933959961e-01
4.237097501754760742e-01
1.766906678676605225e-01
-1.840895891189575195e+00
-1.255554199218750000e+00
3.806132078170776367e-01
-3.851607441902160645e-01
-1.641950011253356934e+00
4.175842702388763428e-01
9.595662951469421387e-01
7.481657266616821289e-01
1.113783121109008789e+00
4.510520398616790771e-01
3.944943845272064209e-01
4.136411249637603760e-01
-1.055516973137855530e-01
4.845496416091918945e-01
9.967405200004577637e-01
1.251781344413757324e+00
1.475678920745849609e+00
5.902343988418579102e-01
1.323330163955688477e+00
5.044193267822265625e-01
-5.038487315177917480e-01
-6.649029254913330078e-01
6.196239590644836426e-01
-1.980804651975631714e-01
6.032307744026184082e-01
9.097841978073120117e-01
2.197013348340988159e-01
5.445411205291748047e-01
9.413213133811950684e-01
-5.532573908567428589e-02
1.220187425613403320e+00
4.022254943847656250e-01
1.473579764366149902e+00
-1.722134947776794434e-01
7.542253136634826660e-01
5.018674731254577637e-01
1.266495823860168457e+00
4.622915983200073242e-01
1.869014278054237366e-02
-3.900811821222305298e-02
-2.345352247357368469e-02
1.430898070335388184e+00
5.835799574851989746e-01
9.704779386520385742e-01
-9.331800937652587891e-01
8.913027644157409668e-01
-2.359382510185241699e-01
-7.553630471229553223e-01
-7.901378273963928223e-01
-1.156288146972656250e+00
1.203185915946960449e+00
-6.640850305557250977e-01
-1.412177920341491699e+00
1.012137174606323242e+00
1.439676284790039062e-01
-7.037581801414489746e-01
-3.783151209354400635e-01
9.623410105705261230e-01
9.569206237792968750e-01
-1.085422515869140625e+00
-6.874171495437622070e-01
5.869524478912353516e-01
5.433760285377502441e-01
-6.442027688026428223e-01
-6.338037848472595215e-01
5.313316583633422852e-01
1.598386406898498535e+00
-9.524463415145874023e-01
2.660562396049499512e-01
2.904135882854461670e-01
-1.443540096282958984e+00
-1.610531091690063477e+00
-1.032799243927001953e+00
-1.236495971679687500e+00
-1.341987609863281250e+00
-2.115316390991210938e+00
-1.712105631828308105e+00
-1.010920047760009766e+00
-1.837121963500976562e+00
6.690273876301944256e-04
-8.310387730598449707e-01
3.572799265384674072e-01
-1.247651219367980957e+00
-1.568874120712280273e+00
1.981200426816940308e-01
-1.023450136184692383e+00
-1.499085068702697754e+00
-1.242168173193931580e-01
1.071337386965751648e-01
-1.577621936798095703e+00
-7.252131104469299316e-01
-2.546290308237075806e-02
-5.389105081558227539e-01
-1.618743896484375000e+00
-1.554354190826416016e+00
-9.802271723747253418e-01
9.164549410343170166e-02
-1.076425433158874512e+00
2.588173747062683105e-01
-8.966487646102905273e-01
7.133893966674804688e-01
-7.977415323257446289e-01
-1.085598617792129517e-01
-1.874718904495239258e+00
-1.952015161514282227e+00
-1.140912413597106934e+00
-1.407568812370300293e+00
-1.106886029243469238e+00
-4.683150053024291992e-01
-7.050543427467346191e-01
-8.330098390579223633e-01
-9.605481028556823730e-01
-8.636690378189086914e-01
6.398946642875671387e-01
-8.074698597192764282e-02
6.780958771705627441e-01
1.072722077369689941e+00
1.507359385490417480e+00
4.412654936313629150e-01
6.139589548110961914e-01
7.714433670043945312e-01
2.601089775562286377e-01
3.078740239143371582e-01
5.239345431327819824e-01
-1.194690465927124023e+00
-1.105372786521911621e+00
-2.025970458984375000e+00
-1.017484545707702637e+00
-2.113492012023925781e+00
-1.822112202644348145e+00
-1.880534410476684570e+00
-1.852164387702941895e+00
-9.101371169090270996e-01
-1.781039476394653320e+00
-6.881821751594543457e-01
-3.456601500511169434e-01
-9.767478704452514648e-01
-5.877902149222791195e-04
4.893494844436645508e-01
5.917937159538269043e-01
5.312235951423645020e-01
4.894700348377227783e-01
2.319218404591083527e-02
6.846868991851806641e-01
2.723020268604159355e-03
3.926483169198036194e-02
-9.493686556816101074e-01
3.856034576892852783e-01
-5.181660652160644531e-01
4.210087954998016357e-01
6.655257940292358398e-01
-1.721122860908508301e+00
-5.278375148773193359e-01
9.900550246238708496e-01
1.543603301048278809e+00
-1.622312068939208984e+00
-2.117963552474975586e+00
-2.094872236251831055e+00
8.281202316284179688e-01
-9.769983291625976562e-01
-2.827455103397369385e-01
-1.095271348953247070e+00
8.645163178443908691e-01
4.883675873279571533e-01
-3.241639137268066406e-01
2.808681130409240723e-01
6.731846183538436890e-02
-8.298174291849136353e-02
8.222596049308776855e-01
2.709377110004425049e-01
5.305309891700744629e-01
2.986896336078643799e-01
6.510260701179504395e-02
2.027337849140167236e-01
3.084077537059783936e-01
1.025323033332824707e+00
9.425774812698364258e-01
-1.392891556024551392e-01
-1.124652698636054993e-01
-4.037309885025024414e-01
-9.048750996589660645e-02
6.926346421241760254e-01
1.082214474678039551e+00
-3.269897401332855225e-01
1.367473840713500977e+00
9.136352539062500000e-01
4.727379605174064636e-02
4.310056269168853760e-01
4.859175160527229309e-02
-2.099042683839797974e-01
1.756048798561096191e-01
3.901127874851226807e-01
4.193705022335052490e-01
4.167965650558471680e-01
3.072651922702789307e-01
-8.352039456367492676e-01
2.970114350318908691e-01
-2.849586606025695801e-01
-1.418017268180847168e+00
1.883952736854553223e+00
2.380028665065765381e-01
-1.397205829620361328e+00
-1.180792689323425293e+00
5.063020586967468262e-01
1.360599637031555176e+00
1.783513903617858887e+00
1.262776494026184082e+00
-4.110704362392425537e-01
1.166486382484436035e+00
-4.312222823500633240e-02
2.827163040637969971e-01
2.152072787284851074e-01
-3.085711300373077393e-01
5.271521806716918945e-01
1.583402901887893677e-01
3.994778543710708618e-02
5.529475808143615723e-01
4.519433379173278809e-01
3.086040914058685303e-01
4.242970049381256104e-01
-3.666928410530090332e-01
3.507601916790008545e-01
-2.698877155780792236e-01
-9.547790512442588806e-03
1.509029507637023926e+00
1.029460787773132324e+00
7.636523842811584473e-01
-6.475865244865417480e-01
-5.497949719429016113e-01
-3.916530013084411621e-01
1.508972793817520142e-01
1.251802146434783936e-01
-3.163364231586456299e-01
3.503918051719665527e-01
2.398069649934768677e-01
9.795653633773326874e-03
7.791367173194885254e-01
1.426932930946350098e+00
4.832452833652496338e-01
-3.535003364086151123e-01
2.662186324596405029e-01
9.743365049362182617e-01
-1.499803513288497925e-01
2.060350775718688965e-01
1.144963622093200684e+00
1.561611771583557129e+00
5.820618867874145508e-01
6.428232789039611816e-01
7.376251816749572754e-01
9.715178012847900391e-01
2.755754441022872925e-02
-3.873803019523620605e-01
3.073023557662963867e-01
-5.431377887725830078e-01
-9.054302573204040527e-01
2.820701003074645996e-01
3.479980528354644775e-01
4.641210138797760010e-01
1.673680663108825684e+00
4.212815463542938232e-01
9.393157064914703369e-02
-9.304751874879002571e-04
1.298976093530654907e-01
1.183037400245666504e+00
-5.663598775863647461e-01
-5.415643453598022461e-01
-6.242921352386474609e-01
-1.194576859474182129e+00
-2.078812837600708008e+00
-1.812861204147338867e+00
-9.220840409398078918e-03
-1.136270046234130859e+00
-5.703625082969665527e-01
-2.284314483404159546e-01
-1.194488644599914551e+00
1.569844007492065430e+00
-9.530935287475585938e-01
4.166993498802185059e-01
1.902168542146682739e-01
1.203040361404418945e+00
-4.167419970035552979e-01
4.616073966026306152e-01
8.901263475418090820e-01
9.026625156402587891e-01
1.348414301872253418e+00
-2.135262340307235718e-01
-1.405850052833557129e-01
5.862241983413696289e-01
-2.428448647260665894e-01
8.161895871162414551e-01
4.388681650161743164e-01
1.355028003454208374e-01
1.726588904857635498e-01
-2.302891761064529419e-01
-1.458588838577270508e+00
-1.063831686973571777e+00
-4.702185094356536865e-01
-4.816011488437652588e-01
-1.534092783927917480e+00
-1.002943515777587891e+00
4.523397088050842285e-01
-2.104504823684692383e+00
-1.603902339935302734e+00
-9.702059030532836914e-01
-7.512384057044982910e-01
-2.782664597034454346e-01
-5.242274403572082520e-01
5.020790696144104004e-01
9.080677032470703125e-01
4.986465349793434143e-02
1.454476833343505859e+00
-3.776662051677703857e-01
-3.224071860313415527e-01
1.464207470417022705e-01
8.289339393377304077e-02
3.781695067882537842e-01
7.968909144401550293e-01
-4.677766188979148865e-02
-6.352762877941131592e-02
5.505953729152679443e-02
-9.169585108757019043e-01
-3.646948933601379395e-01
-1.093539118766784668e+00
-7.019758820533752441e-01
9.209344536066055298e-02
-1.005684375762939453e+00
-4.850255548954010010e-01
-6.420325040817260742e-01
-9.870857000350952148e-01
-1.122029662132263184e+00
-4.740658402442932129e-01
-4.963907897472381592e-01
-2.771731913089752197e-01
7.598559260368347168e-01
-6.594114899635314941e-01
1.133238971233367920e-01
4.034487307071685791e-01
9.432505369186401367e-01
3.918334543704986572e-01
6.006571054458618164e-01
-3.998694717884063721e-01
-1.378385663032531738e+00
3.200477659702301025e-01
-2.957155406475067139e-01
-4.561017751693725586e-01
-6.340891718864440918e-01
1.959316879510879517e-01
-2.684046924114227295e-01
-1.814929842948913574e+00
5.798300728201866150e-02
7.762771844863891602e-01
-5.491137504577636719e-02
4.522400796413421631e-01
6.537116765975952148e-01
6.378725767135620117e-01
-6.195272803306579590e-01
-2.134756743907928467e-01
-1.153365492820739746e+00
-1.525012999773025513e-01
4.234293401241302490e-01
-4.308737218379974365e-01
3.167397677898406982e-01
-1.332581877708435059e+00
-3.599565103650093079e-02
7.829396128654479980e-01
-6.870259642601013184e-01
1.056010484695434570e+00
-8.976809382438659668e-01
5.873296856880187988e-01
-9.850910305976867676e-01
2.246128618717193604e-01
-1.046286702156066895e+00
-1.304528951644897461e+00
-8.484613299369812012e-01
-3.525787293910980225e-01
9.121115207672119141e-01
6.069324016571044922e-01
-3.058189451694488525e-01
1.733404159545898438e+00
2.047927230596542358e-01
-4.214768409729003906e-01
7.148402333259582520e-01
6.030591130256652832e-01
-5.460340380668640137e-01
-1.080349802970886230e+00
8.049142956733703613e-01
-4.250427782535552979e-01
1.015134811401367188e+00
-7.219401001930236816e-01
8.567111492156982422e-01
-2.408421412110328674e-02
-6.409772038459777832e-01
8.015061020851135254e-01
-1.850323230028152466e-01
1.935920119285583496e-01
3.073491752147674561e-01
-1.429287791252136230e-01
-6.957615613937377930e-01
7.672334909439086914e-01
3.927848041057586670e-01
-3.760676085948944092e-02
-8.862299323081970215e-01
5.717021226882934570e-02
-6.852862834930419922e-01
1.001203894615173340e+00
-1.079069733619689941e+00
-3.255968913435935974e-02
-4.088697731494903564e-01
-1.234383225440979004e+00
8.416549861431121826e-02
-9.181255102157592773e-01
-1.193589568138122559e+00
-1.679984666407108307e-02
1.927770487964153290e-02
4.067993164062500000e-01
-8.725672364234924316e-01
4.122410416603088379e-01
-7.744827270507812500e-01
2.903348207473754883e-01
-6.379852890968322754e-01
1.032022684812545776e-01
8.607043623924255371e-01
-7.376337051391601562e-01
-4.242324233055114746e-01
9.710746407508850098e-01
5.590254664421081543e-01
3.807424902915954590e-01
8.633924722671508789e-01
-1.391976606100797653e-02
9.988857507705688477e-01
-8.062496185302734375e-01
7.738972306251525879e-01
1.350109338760375977e+00
1.606032252311706543e-01
3.388496935367584229e-01
2.233480513095855713e-01
-1.335953921079635620e-01
-1.539943646639585495e-02
7.851557135581970215e-01
3.289025425910949707e-01
-3.900678753852844238e-01
-5.282756090164184570e-01
5.778801441192626953e-01
3.466146588325500488e-01
-5.770539492368698120e-02
8.502218723297119141e-01
8.889701962471008301e-01
-2.637818157672882080e-01
-4.615348279476165771e-01
2.121080756187438965e-01
4.001005291938781738e-01
8.325628638267517090e-01
-6.403898447751998901e-02
5.460720062255859375e-01
7.152581959962844849e-02
-7.787783741950988770e-01
6.272588968276977539e-01
5.262805223464965820e-01
9.144989848136901855e-01
1.082381699234247208e-02
3.430505394935607910e-01
6.154348850250244141e-01
4.061271548271179199e-01
6.957771182060241699e-01
6.378885507583618164e-01
-2.319408506155014038e-01
-3.069857656955718994e-01
9.248346686363220215e-01
-2.843601405620574951e-01
-3.057648241519927979e-01
4.626347422599792480e-01
4.805442094802856445e-01
9.842865169048309326e-02
5.628623962402343750e-01
7.873265743255615234e-01
5.332691073417663574e-01
1.266856342554092407e-01
8.094408363103866577e-02
1.276590228080749512e+00
2.356597967445850372e-02
8.042821884155273438e-01
-1.165237650275230408e-01
1.543506622314453125e+00
3.095782995223999023e-01
5.263252183794975281e-02
2.324193418025970459e-01
3.484601080417633057e-01
4.816471636295318604e-01
4.240350723266601562e-01
3.919523954391479492e-01
8.828951716423034668e-01
9.146604686975479126e-02
1.212022185325622559e+00
1.291556715965270996e+00
3.217055499553680420e-01
2.079013139009475708e-01
1.254762053489685059e+00
9.545290470123291016e-01
2.748438417911529541e-01
1.380584239959716797e+00
7.655368447303771973e-01
-3.071402311325073242e-01
-4.308041632175445557e-01
5.523976087570190430e-01
3.893345594406127930e-01
3.787726759910583496e-01
5.208832621574401855e-01
1.073743939399719238e+00
8.764762282371520996e-01
1.210568994283676147e-01
9.710032939910888672e-01
3.422041833400726318e-01
1.153746485710144043e+00
-1.537334769964218140e-01
5.811956524848937988e-01
7.722454071044921875e-01
2.751317024230957031e-01
5.974680781364440918e-01
3.940676152706146240e-01
1.134197473526000977e+00
-7.553479671478271484e-01
2.111699581146240234e+00
5.287363529205322266e-01
2.906678617000579834e-01
1.171095728874206543e+00
1.411803364753723145e+00
1.060817003250122070e+00
3.534443676471710205e-01
-1.405205577611923218e-01
2.378984093666076660e-01
9.481505155563354492e-01
2.990530729293823242e-01
-1.146353960037231445e+00
-3.189378082752227783e-01
