-2.074611468874872244e+00 -6.232787363805338821e-01 -8.415636629295438764e-01
-1.933969939897434376e+00 -5.246028155777716639e-01 -8.506675612631329209e-01
-1.723562819289243597e+00 -3.701219401153911792e-01 -7.645091901091322084e-01
-1.694547265111939982e+00 -3.900675574953073044e-01 -7.882760111379139012e-01
-1.727295192734396245e+00 -3.518811807921678469e-01 -7.906737489403626862e-01
-1.573142733770952484e+00 -1.786448840043605713e-01 -4.454382230270868548e-01
-1.483406950779450950e+00 -1.590772732721670857e-01 -4.728348944765356499e-01
-1.325987247410497893e+00 -1.649322931540954107e-01 -5.046439849687016643e-01
-1.242841130832338381e+00 -2.003684564515129662e-01 -5.307135929468131952e-01
-1.251934789935561287e+00 -2.671434467118078970e-01 -5.849823223097755376e-01
-1.123789358062452726e+00 -2.110791985400330140e-01 -5.698176492860239639e-01
-1.030335781942806506e+00 -1.992454291295535640e-01 -4.968141939782780292e-01
-1.041556285376946889e+00 -2.159238141746615824e-01 -4.030661163484079434e-01
-1.040424827882994618e+00 -2.022427327936336394e-01 -4.130394850213238156e-01
-1.095698181667542181e+00 -2.670339371134957118e-01 -4.651081093103475173e-01
-1.222266495130319486e+00 -3.323402340305531277e-01 -5.147182542249122417e-01
-1.181242314379822300e+00 -2.862597572154060854e-01 -5.493820417867413264e-01
-1.232726295341602274e+00 -2.721562425517937700e-01 -5.913507492084392192e-01
-1.146875454553740514e+00 -2.824686537691120103e-01 -6.153053855710377551e-01
-1.099260707238300494e+00 -9.823696892408981252e-02 -2.258876848743317511e-01
-9.762328872062338014e-01 -7.494984651604447157e-02 -2.159964021710762128e-01
-7.925263363620964618e-01 -2.007111066678351693e-02 -1.870644871983425384e-01
-6.737130977350471728e-01 1.764373937371502624e-02 -1.767913437728378390e-01
-5.129765018853724712e-01 5.450888466418808698e-02 -1.444540368257380136e-01
-3.518012776488338433e-01 1.030612058083966442e-01 -1.215961563792270217e-01
-1.668276384722383321e-01 2.403513345978872395e-01 3.541116171761825027e-01
-1.030275075153850028e-01 2.506625057974534720e-01 3.549500865250169723e-01
-1.083061571457050315e-01 2.531426196168077292e-01 3.548021531552746355e-01
1.510486495831663001e-01 3.782419787210211104e-01 4.589916418800372711e-01
4.409002515214728302e-01 4.989750907604401098e-01 5.365515234328762650e-01
3.581589017835165589e-01 4.908615998369947331e-01 5.304335765627606891e-01
4.525189480954570631e-01 5.124478936169699628e-01 6.074229112948080767e-01
5.023621357508084584e-01 4.320246712723420646e-01 5.426587687949114835e-01
5.486583664215827216e-01 4.391625226235674750e-01 5.114943074797273503e-01
7.244085322073794408e-01 4.404878862072958423e-01 5.407571118222590512e-01
7.113823680051984955e-01 4.248399023988848056e-01 5.488896684854256414e-01
6.927505561893849695e-01 3.722434971522236014e-01 5.636849187643354631e-01
6.731724593765584519e-01 2.869818655632250803e-01 5.639792246451311719e-01
6.120117920818277657e-01 2.956790792086115283e-01 5.455554052677850096e-01
5.929757879862105341e-01 2.835583639224203978e-01 4.040176806457577152e-01
5.399006386235110089e-01 2.727202609629991170e-01 3.926885762323735762e-01
4.591467840370968556e-01 1.820517273833095750e-01 3.830511531425253025e-01
3.623482814174268096e-01 1.512651909735003020e-01 3.267836767609221815e-01
4.386533888667948911e-01 1.798425817080653855e-01 3.197786344820243709e-01
5.337070404407378010e-01 3.076095299199798072e-01 5.206071509075722581e-01
4.573691630787568019e-01 1.881071221886021771e-01 2.885038072641475937e-01
2.857926719015400630e-01 1.195583724944572074e-01 2.624418768244063394e-01
1.437453926410356131e-01 7.699756987754549642e-02 2.476411646700812930e-01
1.497350006598110461e-01 2.947265750237734183e-01 4.501485463076559390e-01
1.270107414590678496e-01 3.792068601644585368e-01 4.905431776369032493e-01
-7.506855653490572544e-02 2.828158396117617657e-01 4.386930675682594316e-01
-7.588779742422110952e-02 4.219472372508429325e-01 4.256214597596070792e-01
4.336945101094671906e-02 4.916661933895543068e-01 3.593095523614113218e-01
1.525054000775751539e-01 5.402929891504514304e-01 4.408780188417061874e-01
2.595405713689719618e-01 5.810192757624406124e-01 4.454785851515200013e-01
4.722313698634145185e-01 7.482876196441136107e-01 6.955349503556135238e-01
5.065136092391390177e-01 8.140430798237154875e-01 1.306995197038635537e+00
6.227465341662239418e-01 9.082676035126642233e-01 1.859916197024763296e+00
5.440197680117129231e-01 1.032814231721111309e+00 1.951738557024302656e+00
5.635972723503831494e-01 9.841719820876503322e-01 1.657461404494662949e+00
5.284469312665449614e-01 1.104982050325862941e+00 1.738020750355981470e+00
5.440231514332747320e-01 1.270535370561033384e+00 2.101872598057248798e+00
6.549473607688625076e-01 1.374528037351250509e+00 2.329296014137776982e+00
6.661111365570312470e-01 1.522956262082831858e+00 2.464725741499146583e+00
7.149802246160983366e-01 1.676116620659793721e+00 2.615469138240738012e+00
7.407434568464160707e-01 1.717355647449162026e+00 2.231423379307731825e+00
7.747699177620622768e-01 1.943613958272292441e+00 2.327285476937760222e+00
8.702009685606757472e-01 2.092633846009143372e+00 2.360249271845515473e+00
7.927309446343485666e-01 2.046043502678900339e+00 2.263612625113774257e+00
6.081561070338941111e-01 2.081523781278572738e+00 2.211470728672229491e+00
7.433851643249280716e-01 2.165305105905252603e+00 2.223421724997630466e+00
8.021936688903584800e-01 2.243283474909088415e+00 2.343895927219699971e+00
8.040021657527056664e-01 2.338418881541092453e+00 2.326393737224816238e+00
8.188202328859470747e-01 2.452097126307284825e+00 2.331610478489535065e+00
7.761142763805858324e-01 2.641448180345775221e+00 2.375653700045230909e+00
7.559370607065554193e-01 2.771144627702142316e+00 2.422955807160037001e+00
8.619367860636358847e-01 2.990484054545441417e+00 2.793701331808369659e+00
8.742788292433995023e-01 3.137460928510537705e+00 2.878475078508473395e+00
1.020463396405728362e+00 3.333585588153410662e+00 3.394114275323962815e+00
9.550979559643899552e-01 3.435088470221499879e+00 3.501631767618719415e+00
9.679212821497140684e-01 3.489182308285566414e+00 3.526786895229771623e+00
1.115046772547253040e+00 3.686901257485602823e+00 3.635630462142294572e+00
1.221573490828435249e+00 3.692497790252469159e+00 3.633696475481673627e+00
1.229718999246698363e+00 3.690463876554798794e+00 3.689430995801757707e+00
1.239037813320072567e+00 3.556822647209965549e+00 3.485842127307703819e+00
1.258110615837386481e+00 3.544768626798233235e+00 3.473051565186879852e+00
1.426506448728341647e+00 3.705640267705555324e+00 3.646907610590677695e+00
1.597840341616548310e+00 3.761290737141941953e+00 3.702288638178621749e+00
1.580636447030614455e+00 3.658901206900588843e+00 3.511107996862170566e+00
1.681435429892569555e+00 3.705768092300914862e+00 3.530861962036255353e+00
1.768601638717805624e+00 3.715683328311281564e+00 3.536687359032230304e+00
1.751182867198207260e+00 3.683069544639786752e+00 3.557209072110002701e+00
1.622581695665960000e+00 3.720698783833936485e+00 3.733169150872770459e+00
1.467042188140517567e+00 3.671636404526475328e+00 3.635929311068225811e+00
1.387706166047915524e+00 3.634552875993442012e+00 3.635204939354307552e+00
1.227069486538086229e+00 3.476394154463219088e+00 3.388240965832100660e+00
1.260656482940829326e+00 3.488425065893728583e+00 2.851237461353999247e+00
1.137634086610046946e+00 3.327372589655040791e+00 2.300427653074843981e+00
1.080973365407300379e+00 3.155074919858237514e+00 2.192156205768868826e+00
1.084062560369919659e+00 3.080664929253986717e+00 2.129330183599336124e+00
1.107353856869337516e+00 2.921392001341017064e+00 2.041746677204780092e+00
9.595705966397808373e-01 2.831343174333603496e+00 1.875718405584873905e+00
7.520086995394726914e-01 2.664649815235933250e+00 1.598069871481544002e+00
7.786959841368923385e-01 2.587581292963430091e+00 1.488094460570374533e+00
7.750543267846915496e-01 2.653439633219602189e+00 1.893737894886824868e+00
6.412083452841368381e-01 2.480178629690412695e+00 1.802630736323424854e+00
6.535846889546911287e-01 2.257633161190542026e+00 1.725912414617928103e+00
7.452715866680260648e-01 2.195748209274259732e+00 1.807579510031307235e+00
7.499747587018783523e-01 2.185578278010849917e+00 1.857036509695239923e+00
7.246056476639721744e-01 2.032755337265497175e+00 1.822679493436207387e+00
6.748831132510403341e-01 1.961096935378709771e+00 1.820808781230510931e+00
6.772239096152377069e-01 1.957094853060508344e+00 1.683077996860153247e+00
7.261919070808947607e-01 1.869906303530675329e+00 1.671614787160699001e+00
6.229100962392901675e-01 1.780674496936279105e+00 1.682584576616429128e+00
5.977318780368433560e-01 1.601627689846836899e+00 1.618504275047697449e+00
6.073969572570467879e-01 1.496152511662295126e+00 1.654275193241922626e+00
3.652858605874843567e-01 1.274575967760118944e+00 1.228034206203953982e+00
2.308559645917531711e-01 1.053416993815575076e+00 1.091464434116382387e+00
-5.653870409873891847e-03 7.719585143203799849e-01 5.628932673504433160e-01
-8.586372247614293407e-02 5.724668846076086393e-01 4.396740483032121616e-01
-2.286101805991243019e-01 4.027475730745095905e-01 3.832327707083234003e-01
-4.856198990256960224e-01 1.921463004793858009e-01 2.541658703612269532e-01
-7.034967827407719865e-01 8.376565837488400557e-02 2.311287091255930792e-01
-8.142031263989955026e-01 2.262800267621648334e-02 1.644760991201321410e-01
-9.709481119196049503e-01 -4.663570400598579524e-02 1.336220228067462878e-01
-9.622901227587676853e-01 -2.699267833752853896e-02 2.467652554068245629e-01
-9.973742482809001553e-01 -1.833975943677804699e-01 7.618439779113181376e-02
-1.034024170076049298e+00 -2.323529525877049973e-01 3.843873484491932419e-02
-1.106082661679380408e+00 -3.294744528012826246e-01 7.266718181341349191e-03
-1.267810600900045825e+00 -4.693433842816259749e-01 -5.543004124065637611e-02
-1.190893721078426504e+00 -4.633587381340703026e-01 -3.638636647469100510e-02
-1.264702105846662539e+00 -6.047233499370967547e-01 -1.299620266148360237e-01
-1.312975497797250535e+00 -7.541067428527360450e-01 -3.550714823382737917e-01
-1.265780021693214019e+00 -8.139571375749021787e-01 -3.373686154287009464e-01
-1.192889233313345621e+00 -6.897366727080253002e-01 -1.587637762933857555e-01
-1.232499470313668466e+00 -6.995833073805145519e-01 -1.623087821707960565e-01
-1.398520361664533862e+00 -7.611763618887273930e-01 -1.279044180316911694e-01
-1.324183077704979006e+00 -6.848084046715832152e-01 -7.426102921611967000e-02
-1.297051370143547988e+00 -6.052604527187298578e-01 -4.171675665173264075e-02
-1.452700960674671471e+00 -7.187749432342195322e-01 -1.041205158878177189e-01
-1.636675805125513028e+00 -7.612895389376757027e-01 -1.568645507625611446e-01
-1.654239503322184612e+00 -9.434012396227507979e-01 -4.341840088178653967e-01
-1.608843944679318350e+00 -9.357120642351587358e-01 -4.136391463590680106e-01
-1.755811052947048978e+00 -1.033586696688265638e+00 -4.696157515314365316e-01
-1.802435003324052376e+00 -1.247939818276545099e+00 -9.951324807784394100e-01
-1.762984605857881970e+00 -1.245456450172165441e+00 -9.808001064210540854e-01
-1.787390914447658963e+00 -1.144385181387591377e+00 -8.300088059728542023e-01
-1.908272388663357466e+00 -1.170497402778232443e+00 -9.317233932784989570e-01
-1.971908082542114249e+00 -1.228949044115650091e+00 -9.683290324125706228e-01
-2.078307866432967721e+00 -1.239005103114517503e+00 -9.714903729709515323e-01
-2.214225237710137684e+00 -1.258615573023583956e+00 -9.824468680226557948e-01
-2.335444596596852218e+00 -1.350461747841776861e+00 -1.041382263385352447e+00
-2.542622912562883197e+00 -1.384329281594355754e+00 -1.049505577288802449e+00
-2.555671392113109786e+00 -1.453701768225748481e+00 -1.102705725921703683e+00
-2.600550668329682846e+00 -1.442943797095390668e+00 -1.070967299124682581e+00
-2.687492312505075809e+00 -1.460676067327770333e+00 -1.124863703855280672e+00
-2.626653325320984500e+00 -1.473953090612430517e+00 -1.123878558420511542e+00
-2.612538644814059285e+00 -1.461957299978738023e+00 -1.123148490529729981e+00
-2.519772860271002113e+00 -1.453802252322882405e+00 -1.121357961183211405e+00
-2.349696088569879215e+00 -1.427146888058633767e+00 -1.119519377222121914e+00
-2.253209584718923075e+00 -1.402172635233414288e+00 -1.105808718061514373e+00
-2.073262674201773681e+00 -1.366697794718881420e+00 -1.098143392151349929e+00
-1.866182099008747874e+00 -1.308652887572736789e+00 -1.075653034781118844e+00
-1.772209319853891518e+00 -1.268819488805957407e+00 -1.064852827117704237e+00
-1.610017887414483040e+00 -1.149596325632330496e+00 -8.838882742483584742e-01
-1.591394132642090842e+00 -1.165790842894498747e+00 -9.874288228318868210e-01
-1.493786631067797632e+00 -9.861874696219039560e-01 -9.039022213716015886e-01
-1.556129824888356605e+00 -9.391304079677936789e-01 -8.991182722164069441e-01
-1.475218732421766710e+00 -9.624078562417875959e-01 -8.859484505917282204e-01
-1.380878231044065263e+00 -6.703149353442282576e-01 -4.227322141356985585e-01
-1.520994914904828965e+00 -6.753743361955985014e-01 -4.460607268055650221e-01
-1.517186311309167257e+00 -5.579283051186350040e-01 -3.848952318853355314e-01
-1.588606624954919999e+00 -5.619646429218220218e-01 -3.876914495037033226e-01
-1.620269986387323335e+00 -5.126395828612146932e-01 -3.637751522713144614e-01
-1.803255625019915653e+00 -6.500692195054486033e-01 -5.473512629541151808e-01
-1.818435600491931536e+00 -6.528589279641178189e-01 -5.473121895665598036e-01
-1.876801970609362824e+00 -7.654149919189160434e-01 -6.677791187259062289e-01
-2.020407434575456573e+00 -8.409097215475599407e-01 -7.266539322030362014e-01
-2.031100445901642182e+00 -8.817585590343171020e-01 -7.361113293466006180e-01
-2.060311189384839370e+00 -8.836865034047657330e-01 -7.365710338825351977e-01
-2.004834299435815037e+00 -7.295182454817209505e-01 -6.732145319218055812e-01
-2.026904119673590188e+00 -7.169909442020439005e-01 -6.073756630956123059e-01
-2.101155541448895381e+00 -6.803246300513829947e-01 -6.306195788660783341e-01
-2.084426400158836401e+00 -5.981035410206848590e-01 -5.190036157049036092e-01
-2.084131463705067855e+00 -6.005576797552578672e-01 -5.497971120863731631e-01
-1.989890547981524538e+00 -5.401802360276782844e-01 -4.716183942397748075e-01
-1.925740103725308128e+00 -4.846497071567207326e-01 -5.785893663915834262e-01
-1.817944107844807977e+00 -5.118266920943612686e-01 -5.718403300905182673e-01
-1.788856473900373611e+00 -4.624633067806136477e-01 -5.263335291413822059e-01
-1.560759728361268639e+00 -3.876974338819659804e-01 -4.906323008644272732e-01
-1.366273156542013645e+00 -2.960755326258499021e-01 -3.909482012395647521e-01
-1.284464171941104960e+00 -2.588100716361831366e-01 -3.638305147386300953e-01
-1.186612558557713637e+00 -2.711067626543152143e-01 -3.683926059190436586e-01
-1.078831496474040419e+00 -2.298355624618756698e-01 -3.196945682239714093e-01
-1.125678695000872365e+00 -2.304194830318936349e-01 -3.495805402802408812e-01
-1.050989558037130012e+00 -2.941244083299970336e-01 -3.732048510646329142e-01
-9.848102092675997676e-01 -1.909040529960219501e-01 -3.266777423466649122e-01
-1.027119207479609608e+00 -2.053705730304944133e-01 -3.290887363492053241e-01
-1.025513043510358546e+00 -1.938207995762802616e-01 -3.180982861442628873e-01
-1.020015045113351171e+00 -4.920444935477561593e-02 4.839213255356972915e-02
-9.727667674975907230e-01 1.098336728403825624e-01 2.710412648357877208e-01
-1.101448804583576413e+00 8.508046560565070415e-02 2.639093173685241878e-01
-1.337522651316452871e+00 1.744807488082716906e-02 2.408577744502354567e-01
-1.528721989179106844e+00 -3.578213754968671834e-02 2.250831987310046578e-01
-1.530092867887159258e+00 7.387836267853359340e-02 3.237973641295794347e-01
-1.642535783415605799e+00 5.744469771949315545e-02 3.320881546766987769e-01
-1.714225098194563923e+00 -1.826061194896989870e-02 3.435127767625923423e-01
-1.756710387634573101e+00 -7.709341797848999478e-02 3.194671446785422031e-01
-1.721200252646365447e+00 -3.427835527710711150e-02 3.233779653962145506e-01
-1.678142302044576262e+00 -2.673923711753934951e-01 -1.116711698459261076e-01
-1.633252070372436471e+00 -1.971371897254723116e-01 -8.007182601257042953e-02
-1.579353470756931443e+00 -2.886173113767398490e-01 -1.207510001469573602e-01
-1.433124326531643344e+00 -2.611080765092062550e-01 -1.136145477730988451e-01
-1.373198713035692409e+00 -2.528188026199114646e-01 -1.293066949650158726e-01
-1.220695689507877102e+00 -2.044665667347542459e-01 -6.914354272802850088e-02
-1.033489679154474761e+00 -1.636488486756348670e-01 -2.584654275388743871e-02
-8.896484823114210183e-01 -1.501158295010059929e-01 -2.136730922707652525e-02
-7.043802872166018414e-01 -1.214582479024336054e-01 -1.429787474943929569e-02
-6.132083868540446625e-01 -1.038887841394659506e-01 -2.383353511046604201e-02
-4.459493939695030607e-01 -6.944564465780596330e-02 -1.395234418296870463e-02
-3.924525486160316823e-01 -1.804974380491407293e-01 -5.711554186656480486e-02
-2.740538276913356275e-01 -1.780908216727424276e-01 -1.159320129360379703e-01
-1.650234794519352399e-01 -1.491379729219530215e-01 -6.841285661107349148e-02
-9.346419665298853763e-02 -2.059267722803852230e-01 -1.777648129274325972e-01
-1.370613415298035931e-01 -2.233997879473062775e-01 -1.962303959648355467e-01
-2.189413003658030876e-01 -2.335887799027588363e-01 -2.856487158347725264e-01
-2.444216654750191176e-01 -3.566845246652908807e-01 -3.329398331448440440e-01
-2.400572927902982490e-01 -3.352771592498088316e-01 -3.168312883448435868e-01
-1.924480417654863551e-01 -3.589016976442611084e-01 -3.761980925024766553e-01
-2.646643991511120619e-01 -4.011534106749260475e-01 -3.708384999355975320e-01
-2.552475975710473133e-01 -3.598315857523838313e-01 -3.871585019101314029e-01
-2.011519861078286675e-01 -1.922983604495407950e-01 -1.567115329664768852e-01
-9.979602052900576892e-02 -1.583409871282370485e-01 -1.463510709280017030e-01
-8.701078293369432504e-02 -1.757262227523114506e-01 -1.969501809625744115e-01
2.556009948446498828e-02 -1.384725189456940675e-01 -1.846239307081972703e-01
1.209010538658489113e-02 -9.805321344098266723e-02 -1.937832577845898796e-01
-3.206868751248875132e-02 -1.992641372396058708e-01 -2.296135366106626385e-01
1.581594986680556481e-01 -1.426115092728852396e-01 -1.871215286686013779e-01
2.332521596376333217e-01 -1.365356787083614465e-01 -1.733698029156672260e-01
1.970134101414560968e-01 -2.827903332098128941e-01 -4.966742501172733970e-01
1.272417612104385920e-01 -4.550278977086475996e-01 -7.063687788856589655e-01
2.283337287231797519e-01 -3.738562273097682520e-01 -6.508339591751920450e-01
3.911407766528171015e-01 -3.219629993633711940e-01 -6.235312154712923105e-01
5.197786595676807675e-01 -3.025922967740993785e-01 -6.180630133317104313e-01
3.649950549926042620e-01 -5.243135449202582787e-01 -8.965736164431437061e-01
5.386617424496777939e-01 -4.547476120400000266e-01 -8.612640229546334458e-01
5.465199844885798575e-01 -5.041848236243010595e-01 -8.599643299335081315e-01
4.874843939907179680e-01 -5.048787971931969487e-01 -8.649117604901295220e-01
3.280129789895578907e-01 -5.442235387292903015e-01 -8.845099268603812126e-01
3.596390582056457341e-01 -5.382360468958587996e-01 -8.944408989379463160e-01
5.423694224244819395e-01 -5.283986675154396240e-01 -8.976454460460073781e-01
6.119167304235246796e-01 -4.979035953445187790e-01 -9.088603662472098943e-01
7.168880869049129023e-01 -4.123013857992884890e-01 -6.126630531202266194e-01
7.214335842231851537e-01 -4.494461850124055746e-01 -6.395888997408351040e-01
8.169251759444440264e-01 -3.915700253505404738e-01 -6.659186260333600504e-01
7.737564141520164585e-01 -3.021843356036650885e-01 -7.003871357387793095e-01
8.109752442719083687e-01 -2.622515280323216014e-01 -6.822653997207770438e-01
7.727643569296457349e-01 -2.461324760946683177e-01 -6.299346778522936230e-01
7.542025093564671545e-01 -2.599042710527379452e-01 -6.147934401849372010e-01
7.786735415853262010e-01 -1.798745533129387231e-01 -4.071579584040571631e-01
7.687378963542846888e-01 -1.904201302166168841e-01 -4.176317971277455632e-01
7.785071177616804672e-01 -1.745494028815374743e-01 -4.150770619980068687e-01
7.958673662230821844e-01 -2.262808927310108187e-01 -4.134579344838859583e-01
8.405975655682970116e-01 -1.687304902538452334e-01 -3.695596199198674103e-01
8.769694562082360756e-01 -1.574410742235729244e-01 -3.642760359577593698e-01
9.239388065130398342e-01 -1.545818199378107827e-01 -3.508739637529433297e-01
8.989134536919726193e-01 -1.759990279190655482e-01 -3.640026195572325651e-01
9.077836464216240131e-01 -1.543045754228761224e-01 -3.832531418453498095e-01
8.515466558458960611e-01 -1.531507833571169874e-01 -3.650947993015642434e-01
8.441521922273180767e-01 -1.298749504814879219e-01 -3.927896563935172058e-01
8.942612076652118880e-01 -1.030132325968616536e-01 -3.011054151860002581e-01
8.916088357561474664e-01 -2.129798592362245335e-01 -5.431493568559867535e-01
9.117778096241718755e-01 -1.731242588340004829e-01 -4.466404035634488068e-01
8.041164480950906412e-01 -1.287470912763343522e-01 -4.317431371413343322e-01
7.525029255547346363e-01 -1.944613386422496815e-01 -4.544260795073239434e-01
7.464111710678922318e-01 -2.247271679966705571e-01 -4.547036908068864958e-01
7.578842527455365019e-01 -2.110991949503807641e-01 -4.631671080309469613e-01
7.482859899179735708e-01 -2.527390198786724218e-01 -4.966712641925930538e-01
6.514219985610625319e-01 -9.929998329993854067e-02 -2.232812657672337830e-01
6.046489223628409571e-01 -4.845994268789926424e-02 -2.722251796325995121e-01
6.201693081751922243e-01 7.116289005822747094e-02 -2.706740484930202362e-01
6.343379964203326171e-01 9.756706312621101287e-03 -3.140404663008752872e-01
6.484700291851308585e-01 1.687337103160513330e-01 -2.607612774562689806e-01
7.274441254880191776e-01 2.547208387605516267e-01 -2.456852619055304165e-01
8.319635074159860144e-01 2.883674404189187634e-01 -2.143076739218314763e-01
7.458319667607485881e-01 2.287758245286223291e-01 -2.492008811916436584e-01
7.213787141483700704e-01 2.175790755175149582e-01 -3.291802659194147385e-01
8.537767700552286732e-01 2.913518903806461280e-01 -3.228344094760507432e-01
9.253877666999452689e-01 2.807155831043586236e-01 -3.055282127237536338e-01
8.432275121508950866e-01 2.706161921750164234e-01 -2.898647266913118026e-01
7.912331222723204549e-01 2.698057321747589499e-01 -2.615104335236135280e-01
7.873138090820008816e-01 2.215902855534874483e-01 -2.741810637588801280e-01
7.776669938073587085e-01 1.696771813884513647e-01 -4.901070481922751298e-01
7.674521407521943672e-01 3.444348197671663336e-01 -4.143882330517258406e-01
7.407058779846382723e-01 2.879246033208432420e-01 -4.350507827034263975e-01
7.765666805896084268e-01 2.352459583088555573e-01 -4.308236155079929741e-01
7.636781613868409702e-01 2.337461514506336269e-01 -3.519299153575240480e-01
6.982110189304253645e-01 2.029224679504158524e-01 -4.072978237721914807e-01
7.003703397212498460e-01 1.886005453469080106e-01 -4.253914282947401926e-01
6.508062905111599017e-01 1.146598864828357739e-01 -6.330066432754867245e-01
5.920445722658700394e-01 8.873159220668115632e-02 -6.400996831660271669e-01
5.837384431845986654e-01 7.098375030443808409e-02 -6.320882399372479421e-01
5.647664581213495127e-01 5.691196692331381563e-02 -6.852597398892714686e-01
5.363479528879006031e-01 -1.531862799606014541e-02 -7.287168648201663990e-01
5.685952540796019861e-01 -2.660434558759004753e-02 -7.314789872892972777e-01
5.419302387237080465e-01 -6.730039999889311786e-02 -7.450882007981608490e-01
5.400090589561038490e-01 -8.130304721589623473e-02 -7.443896216842639246e-01
4.326145579842193833e-01 -1.307941242770734591e-01 -7.539119668095123350e-01
4.289912086941461977e-01 -1.133903120766006911e-01 -7.706014870986981347e-01
4.575344389055523986e-01 -2.668023675751179241e-02 -7.462426097499801347e-01
3.345369761671157516e-01 -1.748658991514251138e-01 -8.489656560857091749e-01
1.957023347810084579e-01 -2.385350663760550105e-01 -8.248563723231040479e-01
5.010360634869368002e-02 -2.896886945027923321e-01 -9.301464507039463037e-01
5.736612505946014212e-02 -3.597370567767991800e-01 -9.519093964949874032e-01
-7.679495648150838627e-02 -3.747796022569256369e-01 -9.563650834103278875e-01
-2.031294420396226597e-01 -3.929426297571872451e-01 -9.718086931226858072e-01
-2.045644532073215560e-01 -2.312140250868380265e-01 -6.993987589958300388e-01
-3.243053966643449915e-01 -2.450032869485805898e-01 -7.055106957991508221e-01
-3.036877424202835130e-01 -4.164860748317599226e-01 -1.001578105164333987e+00
-3.179725797009654298e-01 -3.233633726861377400e-01 -8.367834862411319685e-01
-4.063619435084251941e-01 -4.479984388882761737e-01 -8.667510975359600245e-01
-3.388609915397265415e-01 -2.335473258985403533e-01 -6.448019896595831302e-01
-4.122020213003043665e-01 -3.948793123235855296e-01 -7.153759201765507170e-01
-4.277597235404416165e-01 -4.257531310513479883e-01 -7.158999225719223647e-01
-4.324353071864009967e-01 -4.363509909954920718e-01 -7.414623164107303488e-01
-3.444227494528343536e-01 -3.998616004175719052e-01 -7.409883339420771931e-01
-3.315173419346147954e-01 -4.160624286729706633e-01 -5.888600828980435908e-01
-3.370426217768349719e-01 -3.953865148262959983e-01 -5.720263887468224340e-01
-3.043492180725126395e-01 -3.740579108420438170e-01 -5.818219845423957537e-01
-2.324230586957167222e-01 -2.692021714087059481e-01 -4.804995728793993726e-01
-2.334490346154462770e-01 1.758943743790665828e-02 2.036863311397889842e-01
-3.354561410128589771e-01 -1.006744345101391949e-02 1.984601316371784330e-01
-3.996317090788142901e-01 -4.598295122567865045e-02 1.180284873921588762e-01
-3.574997516465907021e-01 -2.044192353025572617e-01 4.145427167080680680e-02
-4.185842631087833832e-01 -2.260858120053538256e-01 4.713775811710902569e-02
-3.766964405373341429e-01 -1.086657246847271552e-01 1.968760703161752945e-01
-3.526361115358402354e-01 -1.052613000670660492e-01 1.374942813087663418e-01
-2.649160216479958252e-01 4.650950736709989070e-03 1.996698261682720021e-01
-2.661202309526615739e-01 -1.276396209845054644e-04 2.130935741582039300e-01
-3.023337434267396318e-01 2.909451779703695756e-02 2.590899182095936504e-01
-3.222577322853653614e-01 2.422857260054332718e-02 2.569894432804833428e-01
-4.278924055598070098e-01 1.122287188063254143e-02 2.590876771961513336e-01
-4.769408881690970770e-01 3.828926477313918109e-02 2.601558720790477786e-01
-5.544677475108915621e-01 8.618939944860372349e-02 2.964782305727853839e-01
-7.369999986027052641e-01 5.733706955099116681e-02 2.899837797246034854e-01
-8.210386431855615230e-01 4.275007489442739922e-02 2.874416818763505521e-01
-7.256602629536337279e-01 4.593537515755421324e-02 2.943414648120595278e-01
-8.050720095857661907e-01 1.119263611871093057e-02 2.868959221485024025e-01
-9.095250728786499206e-01 -3.999998558588124808e-02 2.792022933410133745e-01
-1.013500731383288445e+00 -1.759187994646648212e-01 2.459885176866600520e-01
-1.019591516145907928e+00 -1.321970724316899604e-01 1.974178334496206888e-01
-9.360093120702343006e-01 -1.593079576692124633e-01 1.623800841036047715e-01
-9.610077392637544902e-01 -1.454380405492416428e-01 1.999436635982836941e-01
-8.720980823495965151e-01 -5.479070276046690835e-02 2.334442389249261895e-01
-6.796658398434618498e-01 -1.883714117146959369e-02 2.847654492146183269e-01
-5.675416066750458288e-01 1.241588070570476612e-02 3.029276311813619560e-01
-4.682614487493056421e-01 -9.136573283901892883e-02 6.299527438586929873e-02
-3.839019232724044106e-01 -7.893556086805354755e-02 7.875530943149475216e-02
-3.399696866680563256e-01 -1.091550952571152672e-02 1.745063302566735586e-01
-2.678399276325800771e-01 -1.371935339532769915e-01 1.663919736525119875e-02
-1.375188787422640391e-01 -7.761287339177259936e-02 5.381931377907731018e-02
-1.022865625160551128e-01 -2.761233512711326887e-01 -1.648352765518902863e-01
2.976801842732320139e-02 -2.932000379662277889e-01 -1.600614364594187267e-01
-2.890171783741927666e-02 -3.348467908774294677e-01 -1.662142681520481780e-01
-1.077603583432159597e-02 -3.341578416080978053e-01 -1.581402086894888037e-01
-8.490164524577822891e-02 -3.834434317441378082e-01 -1.667156700213195397e-01
-1.316552571498623980e-01 -4.089875682777310839e-01 -3.281087084057497938e-01
-1.263061547122861505e-01 -4.881573300686278816e-01 -3.295918323506092928e-01
-1.776613316738461235e-01 -5.251570343939734320e-01 -3.365840310942674329e-01
-2.768440214500677010e-01 -6.808420466423051876e-01 -4.687360078446730638e-01
-3.583950127726364121e-01 -9.900960374398868336e-01 -1.191275257154609246e+00
-4.024699220002363464e-01 -9.963335742286114627e-01 -1.188332025765416633e+00
-4.430059713448241676e-01 -1.006176617597815293e+00 -1.152184401606456854e+00
-5.289099604043810965e-01 -1.040240913238971165e+00 -1.141794569526998426e+00
-5.997766404090546510e-01 -1.051238688934577947e+00 -1.154884969525331595e+00
-7.277941252919075676e-01 -1.220164567864677085e+00 -1.310653266580916521e+00
-8.356220133056093680e-01 -1.251379392223270548e+00 -1.330640657330861787e+00
-8.721153863166073439e-01 -1.365057971588352181e+00 -1.383970006836940270e+00
-9.034809094374204319e-01 -1.377680876636869778e+00 -1.396830754518561868e+00
-8.213771341189353148e-01 -1.338457664877980902e+00 -1.402323013932158302e+00
-7.844463720056054079e-01 -1.333391644817933708e+00 -1.393802777639411294e+00
-7.018768988063875947e-01 -1.325434789620200116e+00 -1.410268746235505688e+00
-6.321483920412998003e-01 -1.325840699440811621e+00 -1.373371233013696235e+00
-4.968936743579899784e-01 -1.345475923538340224e+00 -1.389641764412524294e+00
-3.233553714254394640e-01 -1.260599670545928808e+00 -1.272596754384832218e+00
-2.325205812826048324e-01 -1.236954731099053850e+00 -1.247436016960299376e+00
-3.477928653757968447e-01 -1.217842176249016806e+00 -1.239686053656724019e+00
-2.626538240781664535e-01 -1.202880137907093694e+00 -1.213745809432183576e+00
-1.183842132141658260e-01 -1.177971561530151368e+00 -1.195940464234808376e+00
-6.492782894281326489e-02 -1.007306545949011811e+00 -9.683517121000786432e-01
-6.238576155424388481e-02 -1.029993222138464670e+00 -9.393352193486725898e-01
-1.028453335660725471e-01 -1.027804874888440523e+00 -9.417987726386568559e-01
5.543742228461753796e-02 -1.052206153565341529e+00 -9.318024670209974492e-01
-3.807082303543595642e-02 -1.139931148946492279e+00 -9.451717102562863237e-01
-2.281004202906148082e-01 -1.171116351258767008e+00 -9.964824201435594775e-01
-1.950590282956531640e-01 -1.169446689321166577e+00 -9.667372522432925441e-01
-2.370433402059923256e-01 -1.161428856402075160e+00 -8.609923403115620211e-01
-2.382787878113711566e-01 -1.121115332953916521e+00 -8.535313676408222694e-01
-2.082533771762068719e-01 -1.107495268978478498e+00 -8.360480154719532875e-01
-2.495363655263968528e-01 -1.024118685496524961e+00 -7.586016347983611796e-01
-2.669863051675211429e-01 -1.019974783982447786e+00 -7.612027463448546305e-01
-4.177828993276782032e-01 -1.052574257186165152e+00 -7.517569286834050457e-01
-4.687383378638647624e-01 -1.063360528202403010e+00 -6.954435652003855273e-01
-5.022918393024464745e-01 -1.083958357875845158e+00 -7.048704619558535667e-01
-4.975128992431839259e-01 -1.053270345275617581e+00 -6.807317161499032432e-01
-4.558956006598566257e-01 -9.402309644441232406e-01 -6.175515230118036047e-01
-4.477848624545603951e-01 -9.379808849118664860e-01 -6.232987246855542507e-01
-4.838822975189996933e-01 -9.381760153339404606e-01 -6.301705539109664356e-01
-5.250243325408877615e-01 -9.377279949877874721e-01 -6.327447631973569520e-01
-4.806496994402261191e-01 -8.539371243421467472e-01 -6.182689155194517339e-01
-4.041910802992075835e-01 -7.239790232964888883e-01 -3.635482624279481878e-01
-3.880778535874209179e-01 -6.442258485899095000e-01 -3.358424825983252204e-01
-3.166085132405725977e-01 -4.518484295962709174e-01 2.904439662570163297e-02
-3.238440170814407271e-01 -4.503946765655032491e-01 1.042708038747769753e-02
-2.002306326892661359e-01 -3.816106656646684470e-01 8.465371805120056048e-02
-2.409113892838229409e-01 -3.979683450988972249e-01 8.071626429301839711e-02
-1.515466262126414221e-01 -3.850908859799958561e-01 7.926655765154277944e-02
-2.013727473045915095e-01 -3.891644883686724010e-01 7.627319438881761948e-02
-2.581831124169806646e-01 -3.929573345143238527e-01 6.471684440912323089e-02
-3.344143930263641096e-01 -4.889587948330781364e-01 1.659759199163162932e-02
-2.934044647890237112e-01 -4.836933562701649647e-01 4.092544506555804984e-02
-2.606653120033126103e-01 -4.043934375477671872e-01 7.876100505307641331e-02
-2.781510734478868097e-01 -3.936102096130168482e-01 4.666994810303805308e-02
-3.485645693369847087e-01 -3.809352504015557916e-01 4.648550663024153540e-02
-3.039824265151455651e-01 -4.356299618731434009e-01 -6.316158816714827207e-02
-2.786990495119717193e-01 -4.340726437725618281e-01 -7.685300716464239790e-02
-2.745330673376026320e-01 -3.769347742480683716e-01 -6.380883723459102042e-02
-1.202926139402886174e-01 -3.249752296699245924e-01 1.266335909440643726e-01
-7.242140540073120636e-02 -2.381436669530155037e-01 1.620770726805298156e-01
-1.116976686485070813e-01 -2.943128193852316832e-01 1.710678045708517170e-01
-1.410825863123289781e-01 -2.522790221489169538e-01 1.424660975694820586e-01
-1.066939424359763661e-01 -2.025254974686695741e-01 1.751641889616953607e-01
-1.249838356409142676e-01 -2.108474539223577360e-01 1.272084190272821380e-01
2.457717414938167394e-02 -9.768936971986290352e-02 3.322946116733833111e-01
1.159651868573576688e-01 -8.630440008482009873e-02 3.631482019758578983e-01
1.683861719641795984e-01 4.307169381028087135e-03 5.704481410341095682e-01
9.553046857418966142e-02 -7.328450044674052200e-02 4.442826677550092973e-01
5.976025447511802008e-02 -1.116327264143887332e-01 4.336717104225155661e-01
8.217582347760551964e-02 -1.780478372650385055e-01 3.303855078547446866e-01
8.031854799510830534e-02 -2.962345568694393916e-01 2.317313263818921443e-01
8.337878974395203369e-02 -2.980131395125074634e-01 2.345197689520548967e-01
1.299649024397803998e-01 -2.637424597599203890e-01 2.161832484836560264e-01
1.111019430091648302e-01 -2.132921450734104885e-01 1.906059511973004772e-01
1.315644634209800767e-01 -2.109817454272078230e-01 1.887784460030408895e-01
1.773947291731186870e-01 -1.961781043028330285e-01 1.640757303822749646e-01
1.952342475399010402e-01 -2.217889615765484268e-01 1.479399706996461505e-01
2.515014816339162795e-01 -1.753984199714673786e-01 2.007979612683865878e-01
1.639902148960173112e-01 -1.832936816086205289e-01 1.959256993631003918e-01
3.052944714964979100e-01 -1.075532701082547865e-01 3.006349942475061154e-01
2.627616383520638976e-01 -1.962016958518636722e-01 2.855030582583601984e-01
2.425894621647042837e-01 -3.778517908922476298e-01 3.395042271929855221e-02
2.095079679836859277e-01 -4.575984937723552859e-01 5.780090878156859610e-03
1.649879077460439381e-01 -5.837622312673239611e-01 -3.361118606607721437e-01
1.967055930601655789e-01 -5.225343875625486634e-01 -3.093241027174073454e-01
6.132021740023042844e-02 -5.936412808639085492e-01 -3.770077375272148368e-01
1.673942040098536921e-01 -5.651683142279938510e-01 -3.706709448409281626e-01
8.864484473195988201e-02 -4.901189085326425610e-01 -3.547198307316614674e-01
9.808370100261755431e-02 -4.942786255473356483e-01 -3.620097030976033303e-01
1.674312747679929658e-01 -3.880044316279629424e-01 -2.340304289260412562e-01
1.525379150679130880e-01 -2.752235141001895813e-01 -7.637534912085861341e-03
1.751100097572958481e-01 -2.533174319512623840e-01 -2.256662203386803831e-02
6.827166765784477287e-02 -3.452292912046390772e-01 -6.527771698611578577e-02
6.846437171385652554e-02 -3.870679048323944493e-01 -5.853428914182055853e-02
-2.977358867411591058e-04 -4.415021010885185060e-01 -7.413961255757188507e-02
-8.698823452640569442e-02 -4.494006052757253955e-01 -7.335432004684569463e-02
-1.352404040264339746e-01 -4.043052273672451125e-01 -5.348304810204535659e-02
-4.221815294430593390e-02 -4.073619888579110282e-01 1.412970850664778955e-01
-3.770079834052780104e-02 -3.846956222032930084e-01 -3.155950635249369501e-02
-1.551240996610463441e-01 -4.638037744369650772e-01 -7.590238880379278352e-02
-1.214051564438256292e-01 -5.724313690039027902e-01 -3.129861355254247579e-01
-4.258267633465032120e-02 -5.832162996462106896e-01 -3.035628353582784933e-01
-2.118649756315045887e-02 -6.218680341239707365e-01 -3.311586816871907035e-01
-1.269614560410185083e-02 -5.492344971991556246e-01 -2.848903049792659292e-01
-7.931740854304962507e-02 -6.384947194065464515e-01 -4.833687512469714842e-01
-3.575559582719226720e-02 -5.925725817843443544e-01 -4.980707926482343395e-01
-3.858268620982444053e-02 -5.847342699802052790e-01 -6.701402619951813966e-01
-7.046192395459179025e-02 -5.697494029187862852e-01 -6.647972126504529955e-01
2.262655640097760781e-02 -3.611123398274713181e-01 -4.963579818381009257e-01
3.286196615997321463e-02 -2.471063315106973579e-01 -4.443643636636494532e-01
1.109304542221438150e-01 -1.641318768220312585e-01 -4.135566230175943825e-01
1.558311270897400347e-01 -1.465551862403588201e-01 -3.691281087722588783e-01
2.418012007287263787e-01 -3.490105095941473806e-02 -3.107605463321082007e-01
2.519270226994033135e-01 -7.960808653697620807e-02 -3.376919279520670947e-01
3.000027294324807414e-01 -4.334513798620479030e-02 -3.342496094202560553e-01
2.769607958288220484e-01 -2.323131107262697490e-02 -3.187481094802512849e-01
2.191688081608152427e-01 -1.088716460439511091e-01 -3.776031708401897946e-01
1.691543813730541079e-01 -1.500473070235678330e-01 -4.271671019420714144e-01
2.465347021808282912e-01 -1.462591186795140219e-01 -4.222155507949581499e-01
1.964011261150326315e-01 -1.592537312193043342e-01 -5.165087385982809476e-01
2.556918659325908005e-01 -1.107368798911760877e-01 -5.124577011138949922e-01
2.363738091094794713e-01 -9.543296454881219915e-02 -5.040404465112674481e-01
3.739084781714846484e-01 3.288906473912436845e-02 -3.618746692573728274e-01
4.052357828850133292e-01 -2.600074054194897663e-02 -4.197911232487928634e-01
3.876627284381459759e-01 -1.295349597869400668e-02 -4.472542109875650707e-01
4.601010795831205757e-01 4.479275494340755059e-02 -4.279456757493489416e-01
4.554986906858910500e-01 6.207294900940776156e-02 -4.217565050248061054e-01
5.344458470231524538e-01 -1.878941749780313128e-02 -4.523433776346673652e-01
5.985565121098799235e-01 4.483205423052475519e-02 -3.808489560407961605e-01
6.168411386599871316e-01 -3.497418976414130853e-02 -4.732159299408836284e-01
7.073044065046396600e-01 -1.421592015648064922e-01 -6.846079414391587070e-01
6.837937665650144492e-01 -1.441575912765406808e-01 -6.955313596206631477e-01
7.195118034930987339e-01 -1.336193251918330605e-01 -6.782362735401512577e-01
7.280369669623050211e-01 -1.309333623405201374e-01 -6.784243975301047502e-01
8.296433662568999390e-01 -1.203837576897475170e-01 -6.799878133355432563e-01
8.744965522106268319e-01 1.375429046524884007e-02 -5.163336599768786339e-01
8.893141351807997141e-01 2.222631482314919860e-02 -5.318311413216741945e-01
9.086396101548117610e-01 -2.142213801695675920e-02 -7.429236303751367565e-01
8.815195901879767648e-01 9.494787682880320712e-02 -7.397751893407217283e-01
9.272493321191708215e-01 1.154351213244786956e-01 -7.371696100861513390e-01
1.001010716759320296e+00 1.537407104009407555e-01 -7.236665595372616666e-01
1.009067661231800805e+00 2.086542745389626252e-01 -3.989062420874034953e-01
9.888412908020267622e-01 2.626482070020099147e-01 -3.599816641073553813e-01
9.213392041706324198e-01 2.688285149861400769e-01 -3.295087937161316760e-01
9.466823540101372281e-01 2.622110361888224106e-01 -3.425732039494261416e-01
9.409186116606151895e-01 2.293127282400870548e-01 -3.352009521111947166e-01
8.711178589052708254e-01 1.278371277455428445e-01 -4.037598488862602641e-01
9.591358855068535805e-01 1.927278225535930256e-01 -3.629950402131571496e-01
9.502234175787409587e-01 -6.793663465409266813e-03 -5.332002302870380017e-01
8.745990966789375376e-01 -9.049716584448584678e-02 -5.885209768961611188e-01
8.424898307773857065e-01 6.609132715767353228e-02 -2.420504470440198730e-01
7.982099741403871906e-01 1.232676264663295357e-01 -2.897859157748836623e-01
7.296446324651421067e-01 9.948588515436515914e-03 -3.140160130475787015e-01
7.118878249858903162e-01 1.008544260025657502e-01 -3.112620036255042133e-01
7.010646549162572461e-01 9.363362688248329235e-02 -2.940915249083528304e-01
7.519146723174527924e-01 1.180290751728754195e-01 -1.322108305746232393e-01
7.543442171832707155e-01 1.175704820833792519e-01 -1.313811076842243686e-01
8.005293569361504602e-01 1.562045592134418126e-01 -1.297038832736710501e-01
7.989096866958432797e-01 1.951345076666256839e-01 -1.294349795529003699e-01
8.878571561131649581e-01 2.348101236138548376e-01 3.636468422695320491e-03
9.105751060548765707e-01 2.270825066554053306e-01 6.477112845949256105e-03
8.935115894784551038e-01 2.172274404684805260e-01 -1.998341154705781872e-02
8.886217293701432762e-01 1.379302492257777346e-01 -1.399874590775519734e-01
8.568915005388427764e-01 1.675839088209193639e-01 -1.330695369276720386e-01
9.525158816134964290e-01 1.150054411229288892e-01 -1.339407081218792761e-01
9.717029700003242398e-01 6.404099037484485557e-02 -1.604697450490776278e-01
9.849160909546458287e-01 4.006570588186419979e-02 -1.694955293617833036e-01
1.049843825191250302e+00 1.103017635667015856e-01 -4.168683999823044606e-02
1.064436801587987258e+00 7.035887886422084736e-02 -9.790748352172558289e-02
1.076919745032156817e+00 6.280487599172195068e-02 -1.101747129034516132e-01
1.093324781971541260e+00 1.133329698991392270e-01 -1.201746468539367368e-01
1.115847635620546230e+00 2.083248767167832083e-01 -1.012057232727483214e-01
1.183620775719224305e+00 2.197007895944959599e-01 -1.130894992464935161e-01
1.166682044941145246e+00 2.125840872486556565e-01 -1.264739113581391239e-01
1.172874565044862871e+00 2.591648491346877914e-01 1.110003654668943324e-01
1.123698899751526259e+00 1.426741049922951310e-01 -4.386451448326143115e-02
1.157392301827088410e+00 8.903968284848005899e-02 -5.376475619440702208e-02
1.167581149810839714e+00 7.135533621073958388e-02 -6.146461454349216175e-02
1.148628881671332813e+00 -9.753569040910405052e-02 -6.818887011533344977e-02
1.099725773570614518e+00 -4.609929031136004302e-02 -6.188984623614435937e-02
1.068274197922884694e+00 -6.859694503119447007e-02 -6.696727526546804310e-02
1.064143928004267048e+00 -1.515458749371745018e-01 -4.104913208416021697e-01
1.072990715127244643e+00 -1.222251626624834275e-01 -2.045262817355088247e-01
1.082751023474255447e+00 -1.902394001737078011e-01 -2.645964663913851767e-01
1.018765204510998723e+00 -1.676993848928317876e-01 -2.718167270480751907e-01
1.041891078594577191e+00 -1.411866495561110713e-01 -2.855674462163290128e-01
1.066398393929609334e+00 -1.539215557428219860e-01 -2.898576430312624908e-01
1.079195919070895071e+00 -1.666850578172429376e-01 -3.264149798335281849e-01
1.051975522728129997e+00 -1.739785194718981853e-01 -3.318371422700661100e-01
1.072194717656845819e+00 -2.042139684917336218e-01 -3.334881404315080955e-01
1.029464489404746441e+00 -4.140190599463495214e-01 -6.947197086126778443e-01
1.048549694395010112e+00 -4.550461629554113929e-01 -7.073381773141184103e-01
1.074095216389957308e+00 -4.569398553715242062e-01 -7.401993590587725436e-01
1.120390927094403910e+00 -5.118960947977062581e-01 -7.269588783074747429e-01
1.216950750663667424e+00 -5.078734970482405853e-01 -7.345727168073890034e-01
1.113997460169288134e+00 -5.603921908486632075e-01 -9.148384591478546657e-01
1.149558312167787477e+00 -5.295653252858063542e-01 -9.125394356211309344e-01
1.110652332811082443e+00 -5.631844356912000249e-01 -9.154502847426154721e-01
1.222297635481410349e+00 -5.196692382565508694e-01 -6.857177719098582758e-01
1.152759655448083675e+00 -6.142920135885943100e-01 -8.202939152116793808e-01
1.173856598129485729e+00 -6.166181452339855040e-01 -8.173852275131423539e-01
1.272664181905632130e+00 -5.078728509270171720e-01 -5.153823701910682509e-01
1.334391440577948007e+00 -4.792249044685671366e-01 -4.503696696885287620e-01
1.413901563237337511e+00 -4.765262168662157127e-01 -4.012667417601256670e-01
1.341630448359298899e+00 -3.689584111312974590e-01 9.003683131765807812e-02
1.361851436537570459e+00 -2.703448321212322258e-01 4.142755616956138032e-01
1.393165521020971021e+00 -2.391316771588648527e-01 4.534946578720134847e-01
1.412147806508247783e+00 -2.518875460621719520e-01 3.485905206442924120e-01
1.412708498640779853e+00 -2.024147484960516219e-01 3.596763869830376104e-01
1.324323539601222954e+00 -1.698272007314458321e-01 3.669072327321279969e-01
1.224839835074127636e+00 -2.161263517944764512e-01 3.663564835303413370e-01
1.236153887221853154e+00 -2.902438980865507667e-01 4.055283384395433899e-01
1.234169445431597012e+00 -2.586991179437722055e-01 4.676774337958441996e-01
1.232909890760701233e+00 -2.239393573355573097e-01 5.338261714698495641e-01
1.220358245552795706e+00 -2.304810773460408413e-01 3.381981706064062787e-01
1.240342677936038696e+00 -2.131009407334658878e-01 3.909509531645343205e-01
1.231874905905673057e+00 -1.803593199371267830e-01 4.593885159154427189e-01
1.165949668210784385e+00 -1.414220518214727995e-01 5.301881646999702102e-01
1.148520914503591950e+00 -1.043241396195905141e-01 5.664179551918394617e-01
1.236546682207464221e+00 -1.616905414278273778e-01 6.324764332272142520e-01
1.253227961954410885e+00 -1.204312253893952550e-01 7.112216082728709532e-01
1.260505041812301386e+00 -8.570591325498823354e-02 7.920911791347003961e-01
1.270646307056527036e+00 -1.508459753957865634e-01 5.356422453769106307e-01
1.320909977806287161e+00 -9.213164241339384664e-02 6.046925155641328375e-01
1.396681478125293641e+00 -7.167282870851589271e-02 6.994142579152835548e-01
1.433858854424552964e+00 -5.562209249576636344e-02 8.008241286305918250e-01
1.482902045799057156e+00 1.811176105072509826e-02 9.098341486441491321e-01
1.457667423149645369e+00 -1.029194676816636879e-02 9.993654568426587614e-01
1.476080077244392719e+00 6.874056389608636242e-02 1.130516742328085522e+00
1.501991143616812963e+00 1.478505838630725100e-01 1.269809542670172986e+00
