5.999001264572143555e-01
5.412062406539916992e-01
3.007336556911468506e-01
2.628712058067321777e-01
2.957675158977508545e-01
2.524738311767578125e-01
3.273088037967681885e-01
2.406924813985824585e-01
2.938694655895233154e-01
4.965989291667938232e-01
2.587578296661376953e-01
4.757125973701477051e-01
6.358543038368225098e-01
3.598912954330444336e-01
5.344724059104919434e-01
6.597192883491516113e-01
4.327573776245117188e-01
4.336805641651153564e-01
6.655499339103698730e-01
7.704539895057678223e-01
4.337806999683380127e-01
7.911643981933593750e-01
5.697312951087951660e-01
4.872973859310150146e-01
8.526240587234497070e-01
4.994676411151885986e-01
5.105459690093994141e-01
3.077043294906616211e-01
2.711158692836761475e-01
7.118730545043945312e-01
6.574110388755798340e-01
4.803456664085388184e-01
4.676350951194763184e-01
2.607640624046325684e-01
2.463950663805007935e-01
5.236498713493347168e-01
4.075760245323181152e-01
4.201458692550659180e-01
4.681073725223541260e-01
7.188742160797119141e-01
7.366299629211425781e-01
8.323203921318054199e-01
4.274551272392272949e-01
5.820665955543518066e-01
3.230524957180023193e-01
4.528045952320098877e-01
2.426047176122665405e-01
5.463289022445678711e-01
1.084293603897094727e+00
2.187171578407287598e-01
2.968277633190155029e-01
3.884791135787963867e-01
4.885075986385345459e-01
4.896409213542938232e-01
3.947428166866302490e-01
5.188447833061218262e-01
4.089104831218719482e-01
4.079721271991729736e-01
5.081595778465270996e-01
6.810398697853088379e-01
2.980246245861053467e-01
6.512755155563354492e-01
5.414021611213684082e-01
5.704938173294067383e-01
6.312824487686157227e-01
1.598392575979232788e-01
2.761926949024200439e-01
5.572740435600280762e-01
6.714171171188354492e-01
2.472941428422927856e-01
5.576832294464111328e-01
5.966237187385559082e-01
6.014794111251831055e-01
4.240260124206542969e-01
5.549139976501464844e-01
6.893444657325744629e-01
5.816250443458557129e-01
5.186336040496826172e-01
6.254045963287353516e-01
4.976602494716644287e-01
6.867614388465881348e-01
4.828786253929138184e-01
5.103662014007568359e-01
6.333145499229431152e-01
6.020049452781677246e-01
3.984102904796600342e-01
3.834829032421112061e-01
5.253179073333740234e-01
4.528489708900451660e-01
5.743371844291687012e-01
6.110183596611022949e-01
5.717097520828247070e-01
5.930584073066711426e-01
5.763897895812988281e-01
3.848481774330139160e-01
5.812361240386962891e-01
6.785575151443481445e-01
5.277429819107055664e-01
6.073097586631774902e-01
4.898889660835266113e-01
6.473500132560729980e-01
4.465642571449279785e-01
4.888564646244049072e-01
5.865339636802673340e-01
4.204415977001190186e-01
3.880938887596130371e-01
7.459032535552978516e-01
4.515046775341033936e-01
7.662119865417480469e-01
4.044520556926727295e-01
7.407707571983337402e-01
6.315842866897583008e-01
4.920125007629394531e-01
2.958100140094757080e-01
3.889327347278594971e-01
7.295950651168823242e-01
4.598036110401153564e-01
3.343141973018646240e-01
7.280279397964477539e-01
5.941241979598999023e-01
6.808598041534423828e-01
4.459577202796936035e-01
6.854286789894104004e-01
7.137228250503540039e-01
2.362197041511535645e-01
4.108560681343078613e-01
9.737883210182189941e-01
4.866795539855957031e-01
2.970592677593231201e-01
2.962754666805267334e-01
6.177198290824890137e-01
9.152006506919860840e-01
3.239197432994842529e-01
5.474728941917419434e-01
5.206534862518310547e-01
2.855390012264251709e-01
4.101220071315765381e-01
8.158055543899536133e-01
4.323840141296386719e-01
2.427133917808532715e-01
1.332168728113174438e-01
2.141981124877929688e-01
3.041935563087463379e-01
1.909331679344177246e-01
5.544313192367553711e-01
3.742358386516571045e-01
4.888956844806671143e-01
2.313953787088394165e-01
2.469043731689453125e-01
7.136239409446716309e-01
3.752817213535308838e-01
3.481762707233428955e-01
7.884234786033630371e-01
5.748617649078369141e-01
2.753264605998992920e-01
5.629978179931640625e-01
4.609474241733551025e-01
3.870605826377868652e-01
1.781639456748962402e-01
2.059986144304275513e-01
3.951747417449951172e-01
5.256603360176086426e-01
2.010443508625030518e-01
5.693073272705078125e-01
3.578951358795166016e-01
8.327768445014953613e-01
6.063989400863647461e-01
6.361615061759948730e-01
1.544074863195419312e-01
2.119667977094650269e-01
2.786467671394348145e-01
2.493620961904525757e-01
3.940531313419342041e-01
4.900947809219360352e-01
4.038964509963989258e-01
3.770238459110260010e-01
4.073669314384460449e-01
2.158404588699340820e-01
5.530235767364501953e-01
4.318267405033111572e-01
4.341017901897430420e-01
6.134027242660522461e-01
4.595028162002563477e-01
7.067735791206359863e-01
4.481605887413024902e-01
7.440465092658996582e-01
4.668574929237365723e-01
5.603973865509033203e-01
1.054123759269714355e+00
4.927175939083099365e-01
3.126719594001770020e-01
1.606733053922653198e-01
5.590480566024780273e-01
1.210759654641151428e-01
1.972851306200027466e-01
1.331060528755187988e-01
1.431275457143783569e-01
4.357068538665771484e-01
1.776325255632400513e-01
5.933343768119812012e-01
8.996050953865051270e-01
3.851687908172607422e-01
6.966769099235534668e-01
5.322757959365844727e-01
7.494553923606872559e-01
3.976281583309173584e-01
4.358457326889038086e-01
4.953621327877044678e-01
5.368440151214599609e-01
4.989821016788482666e-01
6.451246142387390137e-01
2.717516124248504639e-01
3.866151273250579834e-01
6.943900585174560547e-01
1.203944444656372070e+00
7.248954772949218750e-01
1.790690720081329346e-01
5.910289883613586426e-01
8.775203227996826172e-01
8.547103404998779297e-01
2.031617611646652222e-01
1.237012967467308044e-01
1.882328391075134277e-01
6.610759496688842773e-01
6.554924249649047852e-01
6.676575541496276855e-01
3.369376957416534424e-01
5.654964447021484375e-01
5.459192395210266113e-01
7.583983540534973145e-01
6.491296887397766113e-01
4.930448532104492188e-01
5.752832293510437012e-01
9.884669780731201172e-01
4.243822693824768066e-01
5.845008492469787598e-01
5.323872566223144531e-01
5.670409202575683594e-01
4.970430135726928711e-01
5.146073698997497559e-01
8.627022504806518555e-01
4.931097030639648438e-01
4.335820078849792480e-01
4.574961960315704346e-01
3.602464795112609863e-01
5.371283292770385742e-01
6.283466815948486328e-01
5.197623372077941895e-01
4.201469123363494873e-01
7.715340256690979004e-01
4.984076619148254395e-01
3.913542330265045166e-01
6.003547310829162598e-01
4.476931393146514893e-01
4.257261753082275391e-01
6.653352379798889160e-01
4.017752707004547119e-01
4.284422099590301514e-01
4.403931498527526855e-01
9.461634159088134766e-01
3.688358366489410400e-01
6.256317496299743652e-01
5.126805305480957031e-01
2.964433729648590088e-01
9.491147994995117188e-01
4.498172700405120850e-01
2.207843661308288574e-01
2.534589171409606934e-01
4.727210402488708496e-01
9.425318837165832520e-01
7.551106214523315430e-01
8.363608121871948242e-01
2.430972754955291748e-01
7.493804693222045898e-01
4.602892696857452393e-01
4.348075091838836670e-01
6.888679862022399902e-01
4.167106747627258301e-01
4.410555362701416016e-01
4.981620907783508301e-01
4.041437506675720215e-01
5.484235286712646484e-01
4.506845474243164062e-01
4.764164090156555176e-01
5.059310197830200195e-01
4.192806482315063477e-01
5.011720061302185059e-01
2.678286731243133545e-01
4.032608568668365479e-01
7.135574221611022949e-01
5.755088925361633301e-01
7.687995433807373047e-01
4.732852578163146973e-01
3.754986524581909180e-01
3.601727783679962158e-01
4.759065210819244385e-01
4.121671020984649658e-01
7.213968038558959961e-01
9.424588084220886230e-01
4.940911531448364258e-01
8.200253844261169434e-01
5.797951221466064453e-01
8.385064005851745605e-01
6.227983832359313965e-01
3.827101588249206543e-01
7.269254326820373535e-01
5.686153173446655273e-01
3.742391467094421387e-01
6.887148618698120117e-01
7.842577695846557617e-01
6.150758266448974609e-01
6.196091175079345703e-01
4.800634384155273438e-01
6.360233426094055176e-01
5.818378925323486328e-01
7.743893861770629883e-01
4.861494898796081543e-01
6.109917759895324707e-01
3.228591680526733398e-01
5.024561882019042969e-01
5.139224529266357422e-01
7.751697301864624023e-01
4.836064875125885010e-01
7.199101448059082031e-01
5.064228177070617676e-01
5.225638151168823242e-01
7.632420063018798828e-01
6.113740205764770508e-01
4.510275125503540039e-01
5.540835261344909668e-01
7.556823492050170898e-01
5.346035361289978027e-01
4.016000032424926758e-01
1.693166196346282959e-01
2.043947875499725342e-01
6.311727762222290039e-01
3.780069053173065186e-01
5.872567296028137207e-01
7.360742688179016113e-01
2.486661672592163086e-01
1.150946378707885742e+00
4.079057574272155762e-01
5.387425422668457031e-01
6.049617528915405273e-01
5.933275818824768066e-01
7.234878540039062500e-01
6.819315552711486816e-01
5.832459330558776855e-01
5.736173391342163086e-01
1.287719726562500000e+00
4.523625373840332031e-01
4.237335622310638428e-01
6.137666702270507812e-01
4.942598044872283936e-01
4.022327065467834473e-01
5.306952595710754395e-01
4.248152971267700195e-01
7.661777138710021973e-01
6.418612003326416016e-01
2.384971678256988525e-01
2.869279086589813232e-01
5.191425085067749023e-01
7.417866587638854980e-01
2.823466062545776367e-01
4.043809473514556885e-01
4.267892241477966309e-01
1.429043412208557129e-01
1.848507374525070190e-01
4.629395902156829834e-01
4.671874940395355225e-01
4.718163907527923584e-01
6.745033860206604004e-01
5.170873999595642090e-01
7.072551846504211426e-01
6.059625744819641113e-01
5.178591609001159668e-01
2.770685255527496338e-01
4.490466713905334473e-01
4.283322691917419434e-01
4.911440014839172363e-01
5.415418744087219238e-01
7.320802211761474609e-01
4.643394052982330322e-01
5.643318295478820801e-01
6.340532898902893066e-01
3.179590702056884766e-01
2.797935605049133301e-01
3.365399241447448730e-01
4.410100281238555908e-01
4.339615702629089355e-01
2.774328589439392090e-01
4.099306762218475342e-01
5.293649435043334961e-01
3.642342090606689453e-01
2.472535222768783569e-01
4.122732281684875488e-01
2.842904925346374512e-01
3.151462972164154053e-01
5.656101107597351074e-01
3.585035800933837891e-01
7.196840643882751465e-01
5.261417031288146973e-01
6.036154031753540039e-01
4.875536262989044189e-01
6.489881873130798340e-01
5.149825215339660645e-01
3.385782539844512939e-01
4.628218710422515869e-01
8.390849828720092773e-01
4.552630484104156494e-01
3.709986805915832520e-01
4.600355029106140137e-01
5.728745460510253906e-01
2.289425432682037354e-01
5.691889524459838867e-01
5.994138717651367188e-01
5.806140899658203125e-01
7.841148972511291504e-01
6.303890347480773926e-01
3.979626893997192383e-01
5.616163015365600586e-01
6.000929474830627441e-01
2.351859509944915771e-01
3.232354223728179932e-01
5.676955580711364746e-01
3.537426292896270752e-01
8.200987577438354492e-01
2.170407772064208984e-01
4.209731221199035645e-01
7.048614025115966797e-01
4.296195805072784424e-01
9.059475660324096680e-01
3.207961618900299072e-01
6.239212155342102051e-01
4.246797859668731689e-01
6.315899491310119629e-01
4.231825172901153564e-01
2.080709636211395264e-01
3.199141621589660645e-01
4.537172913551330566e-01
8.438985347747802734e-01
4.344452321529388428e-01
4.346157908439636230e-01
6.135973334312438965e-01
4.008015990257263184e-01
4.815926849842071533e-01
5.362719893455505371e-01
6.120041012763977051e-01
6.027649641036987305e-01
2.326692938804626465e-01
6.359255909919738770e-01
3.681899309158325195e-01
7.556294202804565430e-01
3.346531391143798828e-01
7.753059864044189453e-01
6.591126322746276855e-01
3.037811517715454102e-01
4.917343556880950928e-01
4.372086822986602783e-01
5.025179982185363770e-01
5.047246217727661133e-01
3.133439123630523682e-01
3.082127869129180908e-01
5.015147328376770020e-01
4.913747906684875488e-01
4.867857098579406738e-01
3.867910802364349365e-01
3.946315050125122070e-01
3.731832802295684814e-01
6.821091771125793457e-01
3.102720379829406738e-01
5.077311992645263672e-01
3.106496632099151611e-01
2.970031797885894775e-01
5.254551172256469727e-01
4.588683545589447021e-01
2.466456890106201172e-01
6.751039028167724609e-01
5.907919406890869141e-01
3.873766362667083740e-01
3.834281563758850098e-01
4.653506577014923096e-01
4.162378609180450439e-01
4.609527885913848877e-01
3.318416178226470947e-01
4.925038218498229980e-01
7.649055719375610352e-01
3.686361610889434814e-01
5.103687644004821777e-01
7.365307807922363281e-01
6.512408256530761719e-01
4.970639348030090332e-01
5.678945779800415039e-01
5.885968208312988281e-01
1.164619684219360352e+00
3.829791247844696045e-01
7.564039826393127441e-01
7.544813752174377441e-01
3.436668813228607178e-01
4.920190274715423584e-01
5.780175924301147461e-01
5.108503103256225586e-01
3.476995825767517090e-01
7.301088571548461914e-01
7.047176361083984375e-01
5.010362267494201660e-01
4.360986948013305664e-01
6.244854331016540527e-01
7.412294149398803711e-01
5.582216978073120117e-01
5.659434795379638672e-01
7.254710197448730469e-01
4.763901531696319580e-01
3.491229712963104248e-01
3.559608459472656250e-01
3.666408061981201172e-01
6.973778605461120605e-01
3.302648067474365234e-01
6.890192031860351562e-01
4.189299345016479492e-01
2.849939763545989990e-01
5.142442584037780762e-01
4.605549871921539307e-01
5.848388075828552246e-01
3.946920037269592285e-01
5.527206659317016602e-01
5.071758031845092773e-01
7.633435726165771484e-01
4.633593857288360596e-01
5.638573765754699707e-01
4.923596084117889404e-01
3.603635132312774658e-01
5.362656116485595703e-01
5.322133898735046387e-01
5.147659778594970703e-01
5.902893543243408203e-01
4.271717071533203125e-01
4.117265641689300537e-01
5.086252689361572266e-01
4.495945870876312256e-01
9.264392852783203125e-01
4.574257135391235352e-01
5.483783483505249023e-01
6.772757768630981445e-01
5.580502748489379883e-01
5.525540709495544434e-01
3.725244402885437012e-01
5.210450887680053711e-01
3.972753286361694336e-01
5.553948879241943359e-01
4.376530349254608154e-01
1.132542490959167480e+00
5.080137252807617188e-01
4.912064671516418457e-01
6.014118194580078125e-01
5.202645659446716309e-01
5.101992487907409668e-01
6.047243475914001465e-01
6.298529505729675293e-01
5.536410212516784668e-01
3.954661488533020020e-01
5.609512329101562500e-01
9.411422610282897949e-01
9.045692682266235352e-01
6.071824431419372559e-01
4.043313264846801758e-01
5.694232583045959473e-01
3.308661580085754395e-01
7.901905179023742676e-01
5.036756992340087891e-01
5.990152359008789062e-01
5.196533799171447754e-01
7.533735632896423340e-01
5.342877507209777832e-01
5.903643965721130371e-01
7.128280997276306152e-01
6.109960675239562988e-01
8.084937334060668945e-01
4.117449223995208740e-01
6.336116790771484375e-01
5.267537832260131836e-01
6.870319843292236328e-01
6.266742348670959473e-01
5.976219773292541504e-01
5.395085811614990234e-01
3.800113499164581299e-01
7.923690676689147949e-01
5.710626840591430664e-01
4.846921265125274658e-01
8.472859263420104980e-01
6.578176021575927734e-01
7.914274334907531738e-01
9.007881283760070801e-01
4.977590441703796387e-01
5.814453363418579102e-01
6.515250802040100098e-01
6.852269172668457031e-01
4.113022089004516602e-01
6.175041794776916504e-01
