4.370465358889932123e-02
1.607652308994522161e-01
5.835841331821437494e-01
4.251079177732151604e-01
2.944981323573221399e-01
1.777490393158946136e-01
3.883222486636728199e-01
2.157043859349548898e-01
2.459046570631810147e-01
3.256043359630489409e-01
4.114076428496038496e-01
6.452067000516545914e-01
3.592661536022026536e-01
9.527205774363524116e-01
4.216292041912896860e-01
3.126561797013358568e-01
9.006308756390525583e-02
9.682170008630457125e-02
1.100731180919627628e+00
2.494841366568717744e-01
9.753670544092002404e-01
6.233096923655822019e-01
4.977335754122202416e-01
9.309324030536058059e-01
6.921166601013544195e-01
5.119150051010927793e-01
4.109578211126209135e-01
5.707527748426587111e-02
2.953402102894121528e-01
4.264266510381423680e-01
5.525480101139359501e-01
1.405365257548923497e+00
1.441911881108264570e-01
2.281342230931491244e-01
4.643093494393304294e-02
4.365333855110352657e-01
8.312927298516545882e-01
2.809776331508324621e-01
2.648947016529503151e-01
3.941927948157548656e-01
4.926790070844913605e-01
5.827910016241755198e-01
6.545136255738144282e-01
1.494513474763243810e-01
2.099667126492321678e-01
3.113635690858411742e-01
3.377618000323155956e-01
1.840183333430068513e-01
5.909463603719161684e-01
4.678586998981542067e-01
4.086424338402297463e-02
2.905997670448738357e-01
3.242528396529465451e-01
9.395651470201718536e-02
4.937065079862702488e-01
5.473526520446554411e-01
8.639976106441830117e-01
4.950552863005494020e-01
1.543842138299621469e-01
5.049006139084748490e-01
4.233209695008176010e-01
4.748740851676888641e-01
9.140741779192601557e-01
6.004730512380868079e-01
4.863026698694057348e-01
9.194722436782359898e-01
3.802818168964000600e-01
1.246782813229267289e-01
7.333370291974742328e-01
4.852132254184667870e-01
1.859777353605527872e-01
1.352580352187372215e-01
1.164587706905204856e+00
3.319581246592138712e-01
2.692516927562310647e-01
4.271376221800970430e-01
4.016776684794911567e-01
1.215343287240480574e+00
2.808766528644858762e-01
4.138917709841643533e-01
3.190674243861750248e-01
3.976864932083573612e-01
1.515903872463492397e-01
1.070403863492886271e-01
3.528092704283196102e-01
5.503167587980708486e-01
3.171697763394018543e-01
3.667778004821640736e-01
7.337279146504667171e-01
2.872682275048126788e-01
5.197432754745213712e-01
6.220159635014118615e-01
7.049776500556073078e-01
5.862766554170670830e-01
3.098145263598804378e-01
2.500518145149053240e-01
2.906740273947101480e-02
3.758716277776830705e-01
3.255099912893753555e-01
7.016204925786556634e-01
6.221722249221190992e-01
7.394775227565891784e-01
1.589092417168998517e-01
3.929463716082673974e-01
1.915417934960216007e-01
2.344242684139993538e-01
5.597006925993140980e-01
7.360539616487086212e-01
2.637337272997810067e-01
4.536859015219626978e-01
1.513545558410691050e-01
6.369911190795460865e-01
2.929158093985955169e-01
5.329336994577377196e-01
4.117642440569699303e-01
1.067348912225487140e-01
2.520692412439605734e-01
5.565772150907999372e-01
1.371895535691496359e-01
4.324199767185236132e-01
3.721616361005453677e-01
5.118968594614482504e-01
1.009237062386196593e+00
4.318009333703325403e-01
7.221529193507810751e-01
3.265007257967153520e-01
3.651182839851700446e-01
2.962086263302581290e-01
9.506993548556350593e-01
1.926281150041571355e-01
4.807391711319378702e-01
3.184950779556007805e-01
1.861409330360778991e-01
3.067886458454640586e-01
4.992466791709226914e-01
9.354864320021267776e-01
5.399700890058793945e-01
9.429149560046881096e-01
1.258477486331688044e-01
1.996327166681663157e-01
2.312463795383676579e-01
1.213824822521521879e-01
3.132936936654965310e-01
5.510835612622148050e-01
1.041046149058976467e-01
3.593508312971130381e-01
1.913922993503499592e-01
4.523418119339904231e-01
2.239339223056055483e-01
1.598502786502296880e-01
4.748255996701887804e-01
1.711161540988992702e-01
3.659491719091331197e-01
2.534592556582473954e-01
4.538827003635369506e-01
1.784803507160627190e-01
3.241061439065947569e-01
7.053245253560589401e-01
4.208339025266316091e-01
4.382377615206600185e-01
1.423877700821373771e-01
3.770977365335540510e-01
4.759540314576258258e-01
1.835769938124543199e-01
1.235949544891392221e-01
1.603963005902296624e-01
4.177648223276018147e-01
4.974156096107301139e-01
4.932098733572504723e-01
4.326019757241028052e-01
7.309540149183664237e-01
1.516942754473898369e-01
1.965680272621901092e-01
3.469029912051954656e-01
2.417819881243621627e-01
6.863715497057779613e-01
4.384705743132106259e-01
2.034482434031732456e-01
3.477102903933305678e-01
2.234804134479114468e-01
9.713002880581941278e-01
2.169620065860100588e-01
3.625650103369364441e-01
6.362295340258603549e-01
3.454876511306949616e-01
3.519445788840534495e-01
3.742221990015712763e-01
1.519846544234545183e-01
2.787043011316481245e-01
5.504455812707373941e-01
2.631252289241390874e-01
7.420837905426062864e-02
1.825116400743135303e-01
4.333530845603452697e-01
8.607143604882531995e-02
4.324632464690346678e-01
1.791327377486737760e-01
8.660281111575909851e-02
3.944580665791304619e-01
2.371958386881645453e-01
5.773759970301477473e-01
6.138551473191328212e-01
5.127115968255767653e-01
4.589497430577236803e-01
4.893200823464056159e-01
6.557708095965292250e-01
2.962791258935426053e-01
5.610649752277542257e-01
4.720463945336818568e-01
2.926161076559076757e-01
6.091128350050364348e-01
1.588170914531515709e+00
3.036134489209936227e-01
9.598888446387507933e-01
2.676179308808336876e-01
7.490084281559826751e-01
3.849853211246745399e-01
1.402178109316922494e-01
3.735481884393658247e-01
1.123015079043006237e+00
3.147974978781572508e-01
2.928453375529792568e-01
1.465332935182033502e-01
1.979510559806723080e-01
4.175813109404645229e-01
1.106246802643752636e+00
6.334280834366532442e-01
2.071709973341916144e-01
4.206614016312846815e-01
8.875712783199660727e-01
7.027614480708703759e-01
6.320523222627848492e-01
2.979952022010691204e-01
1.460857638727598218e+00
5.108410773573452968e-01
9.421373555281323808e-01
1.090489944359775004e-01
2.925253263527657910e-01
2.259467995329300094e-01
5.252440379031598772e-01
5.881331720982742040e-01
1.351142850620984381e-01
2.720314325079981055e-01
7.259038345911017487e-01
1.850476936033556008e-01
3.897242554426947336e-01
3.864152353011740537e-01
7.769952250311937814e-01
4.948006267648220602e-01
2.639738084120789030e-01
2.278410344261321829e-01
1.051841164238949800e+00
8.630440472864601142e-01
1.894471875247855097e-01
2.845463493526941834e-01
2.498084020537528482e-01
9.750394024096835366e-02
3.992954728199917258e-01
2.441861115717176567e-01
5.624019364072322391e-01
5.103640029682267043e-01
6.097358620648205552e-01
8.391997643742012958e-01
5.072397762957732148e-01
2.795720734808413988e-01
3.252264204294635364e-01
4.324199693916592757e-01
9.215749379327159430e-02
1.284374892747787156e-01
5.496641180716200781e-01
3.625388605892292393e-01
5.893920182997457458e-01
2.638654256747198223e-01
3.364321813128346994e-01
2.292276225365537101e-01
5.390516114524209756e-01
1.764452152705290877e-01
6.420723094063176539e-01
3.313867511397267096e-01
1.031777993764716739e-01
8.194243663280982304e-01
3.931609886232547701e-01
7.739105787465807573e-01
7.639657705516472719e-01
3.459421985159849000e-01
3.165736805714574609e-01
2.763108313634655699e-01
2.514716227463107412e-01
1.813789663500389449e-01
7.478997304349387365e-01
7.584316450545869337e-01
3.889015848368408967e-01
9.854601935227318421e-01
7.428739790677766353e-01
6.843310496064718418e-01
3.279638103401061322e-01
3.828356494201146654e-01
3.636776512649228521e-01
6.173025080739631409e-01
7.522026601807774160e-01
3.303129499468506203e-01
2.948772543879442654e-01
6.707571217806173047e-01
6.094328750715560794e-01
1.593869197169242857e-01
6.775815209753438539e-02
1.501556633041819522e-01
2.991148950576009713e-01
1.827024500677009722e-01
3.816480066263187587e-01
5.446742116571239301e-01
4.951348841074608709e-01
3.369260585928114948e-01
2.290691957471457374e-01
5.359773910787333229e-01
5.261772308147647514e-01
6.028708488614331618e-01
8.837543569686384659e-01
2.174309114611775451e-01
1.184835760320465670e-01
3.420420812057917842e-02
2.997683071655476983e-01
4.673705753369813420e-01
3.512882332741251723e-01
2.955045738330163221e-02
3.181707544851116731e-01
2.462146725936016911e-01
6.184773097588348173e-02
3.498377126294190953e-01
1.361361155956858082e-01
2.539309936811569579e-01
2.848219692868452779e-01
5.662905695281019725e-01
3.803655260956672612e-01
9.388503403455490670e-02
2.534546788106604720e-01
2.347823645382662028e-01
3.362045385531711172e-01
3.299427342701918286e-01
9.274457009022203380e-01
7.231459217233614234e-02
3.275309190505563128e-01
3.878783579959379363e-02
3.807197613042622719e-01
4.700290435125326072e-01
1.532054491741951852e+00
5.800477013747890043e-01
3.860194268990549404e-01
5.019023016745618460e-01
7.291719270054999313e-01
2.672808811852444566e-01
2.133041029621697282e-01
1.102057904237850744e-01
1.739067325754540538e-01
6.051008262528505544e-01
7.622536260247843309e-02
1.600099658072663689e-01
7.707239154799837566e-01
4.811652002543282958e-01
1.505921757455110088e-01
1.646878023856225004e-01
1.559420987007127946e-01
6.933268752896613041e-01
1.002000604406651174e+00
1.920569650646082038e-01
3.826446278588823691e-01
4.602242143748441761e-01
1.043117795337903247e-01
3.514836575339435609e-01
6.434890956667638218e-01
5.916633736529303134e-01
3.994598465749756300e-01
3.095603086621379063e-01
2.080002598478254972e-01
3.136206557035852716e-01
7.023576067607171236e-01
4.917850824593874015e-01
3.522298355001071135e-01
1.053275547028001524e+00
2.760864530047814069e-01
3.697730406035983353e-01
6.388338003286585520e-01
6.194152913805575089e-01
6.578498812156693409e-01
4.825067287166930896e-01
4.309198621757088232e-01
4.691505085803224784e-01
3.758047641449174248e-01
4.178283117613643127e-01
3.100525703642728059e-01
4.339466640430802991e-01
5.063029336109161616e-01
5.211267778444386156e-01
2.215099732946791133e-01
5.768871085688227485e-01
9.201518106767926641e-02
6.242953455747439762e-01
1.885120849275019883e-01
3.946241027221283892e-01
5.275819331257367573e-01
2.089154020126744171e-01
3.248049030018562155e-01
4.776296120854628402e-01
8.769509788179977727e-01
6.349008518533980627e-01
5.489577162125117704e-01
6.826911297685488433e-01
4.813364023048886109e-01
7.178380457622405286e-01
1.741101945476780932e-01
3.098165860452324338e-01
7.004084608923190070e-01
4.421850732892564362e-01
1.023054382465549361e+00
2.258568071148061851e-01
9.929890938585187454e-01
3.204035489641252621e-01
2.490806120924786704e-01
3.600399448946018377e-01
1.962367578978486959e-01
6.350813623094501148e-01
6.405747660244496267e-01
1.934950858785565164e-01
4.012245422538196493e-01
7.974037746646753799e-01
6.160884621927102955e-01
1.371387488386318076e-01
2.429002277397722120e-01
2.059145036245609295e-01
4.070397289861281132e-01
2.219910152752999632e-01
8.883925367818057417e-02
3.133863933595666396e-01
2.488100789686954195e-01
5.065019772721028879e-01
3.798334204099474420e-01
3.472995474698686302e-01
1.924778777161770260e-01
1.790617362594564277e-01
2.912817882034249295e-01
1.222266147777475165e-01
4.657452747090489731e-01
1.011140430662874845e+00
4.820800833271492447e-01
3.038544991633574388e-01
7.264301859281981910e-01
5.707496232558000315e-01
4.881824368243862788e-01
3.416099489622194119e-01
1.875227538855644971e-01
1.289136282042553094e-01
6.038328388893255960e-01
1.791462628412712199e-01
5.560072581955667337e-01
4.135940894742777540e-02
5.436782321380070337e-01
4.009901624724909186e-01
5.244700389835358356e-01
4.937775260195834126e-01
2.325225856468324526e-01
7.076495551272544982e-02
3.439229499094120790e-01
4.579615040012730565e-01
3.418821322414761221e-01
6.475521206756587045e-01
9.211355215476927372e-01
6.073893024294293452e-01
2.834323601928335212e-01
3.731814714075689099e-01
7.845808638764799614e-01
7.494505581814132622e-01
2.220000704866533225e-01
2.083767392799154017e-01
9.890152452051194087e-01
3.415455693706465623e-01
8.931908272387872882e-01
2.834461561045063527e-01
1.323134707829604628e-01
4.548235172654871983e-01
2.706911202080486412e-01
4.803458525899138021e-01
1.390022117656530831e-01
3.073156721023630467e-01
1.095282938942788026e-01
1.945747462977625297e-01
4.007347961037759781e-02
9.366052640641558957e-01
5.571084907780720075e-01
5.961798349421300047e-01
2.721153504046361915e-01
5.345382271934420171e-01
8.408944376313481905e-01
9.990996276890701244e-02
9.312658246205636203e-01
5.767858243186088085e-01
9.772332465831995441e-02
2.208959862089164561e-01
6.497930951995998239e-01
2.334014410123869954e-01
3.924240719930132681e-01
2.464502644202047343e-01
1.895043128122373410e-01
3.651192900268201424e-01
4.707690337154465943e-01
2.145812895928619346e-01
1.276008133218959339e-01
2.171598054714252157e-01
1.102896351672933845e-01
2.668723456180616682e-01
5.140947544632098326e-02
3.763501494711771200e-01
6.515397440912800153e-01
7.349060306002572762e-01
1.921319431730633409e-01
1.954483669694858650e-01
4.267118336850517224e-01
8.478109371629380941e-01
6.425396108854972699e-01
5.721178360571732568e-01
3.081177202316531250e-01
3.508451338985937307e-01
1.668006010815382412e-01
9.018245311689446764e-01
4.261608883508050671e-01
1.421006807271060490e-01
4.020219111134494816e-01
5.132156122953439592e-01
1.347654771753459824e-01
5.287297619788708936e-01
3.846489900905611381e-01
1.399936957259784176e-01
3.947167706520992025e-01
1.682421387557447578e-01
3.682808871086032942e-01
3.662386141078465274e-01
6.326813682618774859e-01
6.499774856083372354e-01
3.735628065846623436e-01
5.582061175846262380e-01
1.167081634071394092e-01
6.099725449922291931e-01
4.848718541227290402e-01
2.772802784152597622e-01
1.030108371421532665e+00
1.218160897199965648e-01
4.210637074045158745e-01
2.911635233549704771e-01
3.656498100350407676e-01
4.526338499673062121e-01
6.101483482722011020e-01
3.491635208137585517e-02
2.429000722798152490e-01
4.016264209316264822e-01
7.416331424257054383e-01
2.165632133851948526e-01
2.407521507953525042e-01
3.709933698539254476e-01
6.021734314238855745e-01
3.112812343810907323e-01
1.273112132001679386e+00
6.647681511374863295e-01
3.141756575049584610e-01
5.970801217462363697e-01
5.183713462111688708e-01
3.695848910149148736e-01
4.918093206640297699e-01
9.256767036033837215e-01
1.629542132121224451e-01
4.445338103103164684e-01
4.167111272616698114e-01
7.922521077915502252e-02
1.348781852912624146e-01
2.527729065223591753e-01
5.740096612240597196e-01
3.024633921651538881e-01
5.302004257084632632e-01
6.325024008104414008e-01
1.014826803954451823e-01
1.881843775917090011e-01
4.565444524307005203e-01
9.771837625822842044e-02
1.542776391884986553e-01
6.843964966488361723e-01
6.829033889152833492e-01
5.156117925710983485e-01
3.026786193263937275e-01
7.727664297862393283e-01
7.449372002377077084e-01
6.316750298023329213e-01
2.651463528676606951e-01
3.115542231596241107e-01
3.260451486203584381e-01
3.276530568823834422e-01
1.224238688587032109e-01
2.236303837292579477e-01
2.156798614057096053e-01
6.242326120379284582e-01
8.997832880463656480e-01
3.665201037782928051e-01
