4.362422462508347420e-01 6.474929079354184436e-02 1.328863917192494304e-01
3.879172991490054678e-01 6.458171923992099550e-02 1.341218530820450783e-01
3.366771388740796844e-01 6.374454042309245227e-02 1.654154702695446733e-01
3.477937853280177460e-01 6.282070002621069349e-02 1.640644253499149163e-01
3.477316348547228597e-01 6.447169697778061537e-02 1.556703780226329215e-01
3.159061752251111632e-01 6.232644135190028301e-02 1.939096421252338165e-01
3.314546366576495706e-01 6.191954520521022326e-02 1.840421064361397463e-01
3.133402695719000874e-01 5.867376319479180452e-02 1.758039408294779782e-01
2.992934598849517069e-01 5.770488302684298465e-02 1.708370556352130087e-01
2.876682971367052200e-01 5.586284429809999785e-02 1.636369192995283661e-01
2.825426846768827049e-01 5.506246578974067357e-02 1.563201718795401152e-01
2.871015363365092554e-01 5.379725276184579158e-02 1.516484661611308959e-01
2.946097260945905183e-01 5.210084676646833945e-02 1.503875531811859068e-01
2.936303571831317405e-01 4.978813293254333305e-02 1.393244310703499744e-01
2.762145855690393281e-01 4.882195999632188421e-02 1.338729180456552648e-01
2.765315697359101987e-01 4.673754405756279373e-02 1.288326871820548170e-01
2.639246613541875175e-01 4.375358178346745730e-02 1.245848623960812279e-01
2.734472251469737270e-01 4.079707420601631079e-02 1.208357201317191293e-01
2.676355325750512937e-01 3.903002674605359629e-02 1.166891564204709103e-01
2.732260450166323906e-01 3.918061575891712556e-02 1.606313596284256462e-01
2.545890205174458631e-01 3.868257768156024845e-02 1.553743376059447678e-01
2.650045113272115893e-01 3.945004167519362143e-02 1.539564436831015737e-01
2.562091681138332078e-01 4.038528417925990599e-02 1.600198844962956168e-01
2.421877002118727751e-01 4.203423564223445624e-02 1.570393201652203752e-01
2.247796520822957500e-01 4.235520011243846389e-02 1.564003324957498609e-01
2.254807471206627945e-01 4.409986099294451595e-02 1.967889617634139277e-01
2.369463670815096790e-01 4.506102120532188421e-02 1.966971401380278039e-01
2.302913282202664613e-01 4.768837061037310698e-02 1.967243408562953655e-01
2.417438972282235365e-01 4.824456581235621322e-02 1.940419626135222175e-01
2.522594265962814775e-01 4.997783901671049023e-02 1.996943741499220271e-01
2.473655501087996811e-01 4.940579360170953976e-02 1.991249994619649633e-01
2.417830699893178115e-01 5.213055747545083246e-02 2.037170916279439914e-01
2.590383182552299934e-01 4.862932508219396099e-02 2.020607927457405140e-01
2.712189475749379741e-01 4.928442116682679730e-02 2.028486347984848059e-01
2.552274028983276266e-01 5.075679774781288039e-02 2.037014314508734936e-01
2.520834051939389586e-01 4.955494647206303699e-02 2.038225918577273588e-01
2.568503847781659633e-01 4.982062585082693701e-02 2.033344280985034391e-01
2.357375650656189647e-01 4.838641522480045115e-02 2.018019475035529586e-01
2.375629784511980869e-01 4.900337563948652109e-02 1.991018661578502491e-01
2.595984601290554639e-01 5.173868621244162580e-02 1.812279510505532543e-01
2.492212752929994779e-01 4.873881357951872356e-02 1.878992472518594414e-01
2.408373359915745582e-01 4.526741051418359946e-02 1.868623714186100626e-01
2.702451486631542998e-01 4.393373528440275982e-02 1.934557373402311931e-01
2.322026642417499287e-01 4.109283010089494897e-02 1.967470940882508623e-01
2.302158996850834916e-01 3.867218957681159419e-02 2.072217600655506253e-01
2.285505434544971570e-01 4.045774308939048547e-02 2.245252337157014333e-01
2.152716370944481039e-01 3.952511003437152171e-02 2.241608154394419683e-01
2.270292768405749728e-01 3.860316771876284164e-02 2.259371953289343038e-01
1.935204246618244250e-01 3.798573570031392455e-02 2.191938792397744029e-01
1.915199188594799984e-01 4.039896375114062493e-02 2.224917283946405422e-01
2.072373908276491650e-01 4.211029889332632697e-02 2.148282928386244517e-01
1.884169455413557681e-01 3.904025164428836375e-02 2.177896493813348544e-01
1.731634507755075159e-01 3.608403756861246203e-02 2.157192807901180398e-01
1.714334062474551224e-01 3.667289153032664978e-02 2.188630535714320147e-01
1.828338337629115962e-01 3.615551287429439459e-02 2.193736334466739324e-01
1.992548483621564559e-01 3.445249579846056120e-02 2.196244219389445473e-01
1.956214825957846570e-01 3.463356479511796315e-02 2.226565582094708895e-01
2.405938449346103902e-01 3.608260204194940063e-02 2.229775243864184631e-01
2.259149176126527825e-01 3.449325119576715504e-02 2.199214934664384391e-01
2.208726228675453596e-01 3.498918656598085791e-02 2.604795594261312131e-01
2.403232968552628246e-01 3.290692793810690714e-02 2.360716699260525242e-01
2.758327047369302232e-01 3.281874866508704969e-02 2.419604262728506094e-01
3.085855672217542311e-01 3.358683513098367074e-02 2.241370793814531359e-01
3.138333178878228713e-01 3.289211093486391763e-02 2.081940029657120272e-01
3.276184156161419669e-01 3.277504880251114194e-02 2.162962300140359728e-01
3.496772200555726129e-01 3.420599351850889952e-02 1.476193446347655036e-01
3.282200552745445088e-01 3.422184292841634612e-02 1.368561237444857748e-01
3.293436404868303469e-01 3.314766066829900881e-02 1.362982890026163962e-01
3.244605158703361969e-01 3.149168419557578369e-02 1.305383315572790359e-01
3.136649264620163802e-01 3.068767864744605112e-02 1.304509402618473923e-01
3.047819112201249903e-01 3.138873527156071930e-02 1.312577221411452277e-01
3.240467467013665170e-01 3.112927430084866387e-02 1.303951136686986034e-01
3.064991662837699415e-01 3.397479714838885778e-02 1.364599196394030989e-01
2.978962983851084489e-01 3.623004671835561991e-02 1.370674402585170537e-01
2.513726456875278736e-01 3.614381855559405110e-02 1.380232219759644496e-01
2.316008860478087350e-01 3.506390368274622804e-02 1.300292599679211958e-01
2.687404676430281691e-01 3.456685361458820827e-02 1.358208617475970548e-01
2.541902462369159399e-01 3.688601769983552991e-02 1.275281440321504034e-01
2.684586835147673711e-01 3.776106378726228063e-02 1.416991616643988594e-01
2.623891322863912690e-01 3.766437373582330606e-02 1.439794916501765665e-01
2.663762883082436139e-01 3.765711997988153287e-02 1.458632973660419496e-01
2.423461019055743182e-01 3.508595555642426977e-02 1.588978429573487672e-01
2.305994293232037362e-01 3.281031335846818636e-02 1.549756100030232342e-01
2.550534863126920349e-01 3.189860143498384620e-02 1.541324659859012181e-01
2.638403201037693990e-01 2.898974348487646721e-02 1.564149911543380178e-01
2.790922581151391024e-01 3.326927365421358113e-02 1.574839494660393024e-01
2.990477066220232905e-01 3.087880689789003832e-02 1.260512254501056639e-01
2.893198224749033987e-01 2.896842774200432749e-02 1.279264889012720896e-01
2.951818444254227791e-01 3.079122069538574660e-02 1.214012623398439822e-01
2.903746075369661450e-01 2.908858163965262478e-02 1.247935982576287850e-01
3.021487947797775186e-01 3.174040843447226146e-02 1.247156791939456749e-01
2.853742690411918415e-01 3.089955906741123637e-02 1.254560967874076283e-01
2.789607467730950696e-01 2.974387931552944717e-02 1.235927541381295069e-01
2.711840655673052325e-01 2.909212781998013822e-02 1.223441843497336673e-01
2.794143543813787933e-01 3.085695092449670246e-02 1.216159627272275640e-01
2.981743570569213020e-01 3.226915634725958937e-02 1.167984712519636176e-01
3.050820696540911259e-01 3.216876117769726373e-02 1.456797677749032682e-01
3.028335938117288628e-01 3.638999981147980622e-02 1.473215760676574448e-01
2.899454730712354711e-01 3.476935840515365389e-02 1.538030193698042558e-01
2.953759761870227707e-01 3.308177300443360114e-02 1.837823832126850854e-01
3.168217671541573299e-01 3.344245051389414108e-02 1.782805800794370621e-01
3.688485890229053488e-01 3.052537984761075768e-02 1.842069698684717927e-01
3.656060273566753005e-01 3.101555968723749071e-02 1.741766958524718911e-01
3.427981446450595326e-01 2.963287672737581133e-02 1.690699709570488984e-01
3.286147816749669937e-01 3.072319697198257898e-02 1.945320316117200021e-01
3.556729796553148581e-01 3.131934155515705975e-02 1.871460187472990255e-01
3.478058875575835152e-01 3.175905891003481113e-02 1.781768384489282875e-01
3.672007725892654229e-01 3.178573576172715603e-02 1.827073339403789409e-01
3.520980860439816285e-01 2.911170051475182527e-02 1.888360471049499167e-01
3.535294410140773502e-01 2.951624685556680089e-02 1.948640217726305413e-01
3.482541252498139728e-01 3.195114408977549336e-02 1.945776317278239687e-01
3.621657347648447045e-01 3.304110399815425592e-02 2.003887364757945821e-01
3.585970589187021385e-01 3.441477816682517871e-02 2.007035385518170234e-01
3.488246862876119292e-01 3.701026135518654253e-02 2.077612727052274844e-01
3.449853108428118653e-01 3.739060026495858585e-02 2.126506722189444309e-01
3.367238385963733927e-01 4.150682230461557459e-02 2.062759678914161399e-01
3.437906756329392466e-01 4.016836502679694415e-02 2.031191290380223724e-01
3.224904798328251943e-01 3.878462029418081047e-02 1.885717186132505330e-01
3.232936569140161809e-01 3.982837905113212340e-02 1.967955215876878716e-01
3.060526172258793975e-01 3.974070735970696572e-02 1.884181640349958942e-01
3.103152868425692046e-01 3.958240997119309712e-02 1.867486053391581302e-01
3.193231569952836857e-01 3.955428281144651032e-02 1.958441950553983790e-01
3.225658919041065609e-01 3.968055999565527764e-02 1.948055174763379804e-01
3.019199679888410759e-01 3.893668020752643483e-02 1.978015199282013581e-01
3.117614098561486413e-01 3.966606122133312096e-02 1.962398016160408210e-01
3.155233802245227537e-01 4.108438419208352427e-02 1.846365769720643701e-01
2.974385953619404499e-01 4.054689998826948444e-02 1.589538467217915252e-01
2.809178764907490633e-01 3.780991978468362796e-02 1.528926248872092830e-01
2.701682813556859353e-01 3.931112399185432427e-02 1.544960685413701018e-01
2.614080430717211634e-01 3.623412908615047251e-02 1.557794349788405031e-01
2.336747121862633447e-01 3.289482207866688268e-02 1.549831870399560330e-01
2.397203649731585728e-01 3.155259945672687916e-02 1.515682219793910157e-01
2.393424124500534156e-01 3.210512701358644860e-02 1.461939755488065873e-01
2.195556779524070190e-01 3.683872643339561326e-02 1.452516699028884306e-01
2.087055894979433779e-01 3.572930954034130024e-02 1.781071515838457409e-01
2.073706439396647561e-01 3.626054228545804586e-02 1.780291955264684534e-01
2.309064615337191873e-01 3.572068430490779600e-02 1.870102962292614635e-01
2.275531909528977492e-01 3.292551188549366903e-02 1.853294619299799550e-01
2.286069840633327965e-01 3.565475486015734496e-02 1.835157244850584846e-01
2.230136822218768411e-01 3.692149621342769722e-02 1.811988775599216450e-01
2.225822016769671563e-01 3.752706073807084847e-02 1.783351791510036088e-01
1.980538628113235888e-01 3.781203358689121108e-02 1.134354692165155665e-01
1.956522139542267447e-01 3.625208633990281704e-02 1.094071547085663093e-01
2.014595397655744857e-01 3.994244677812820721e-02 1.072244733528010946e-01
2.147315350206435436e-01 4.280336679926598220e-02 1.022775476373265907e-01
2.158445920427438935e-01 4.573361906334379862e-02 1.042507070475983261e-01
1.999228193478245486e-01 4.133975231039976189e-02 1.037114518358695781e-01
1.814927538199350987e-01 4.253007452812022221e-02 1.114102873886608919e-01
2.005006729528803766e-01 4.590341379794644905e-02 1.094528482120823709e-01
2.138979783160359083e-01 4.558034202427901221e-02 1.091881271203556936e-01
2.211234622024990659e-01 4.658825968250479566e-02 1.086463833401688228e-01
2.148145335535746048e-01 4.763419751794140816e-02 1.093181150605186391e-01
2.195486847478856918e-01 4.705284212512590714e-02 1.115957103638256509e-01
2.178996472426349418e-01 4.743803989278381344e-02 1.114789353174048675e-01
2.157153353821446573e-01 4.325015697016455773e-02 1.067150048018834091e-01
2.326545887149762404e-01 4.283682313836667532e-02 9.276401863866520769e-02
2.160920136727539631e-01 4.477581971236468256e-02 9.230348371923170758e-02
1.991124194730343189e-01 4.528708011747658441e-02 9.228277407813831323e-02
1.966905953402362517e-01 4.486094559178711166e-02 9.214540622642361511e-02
1.832944463118403033e-01 4.539971964895800349e-02 9.284685767648039045e-02
1.613325608720664051e-01 4.454143301932696197e-02 9.337844935140933444e-02
1.566020110140224630e-01 4.381734427756335537e-02 9.354452248088244992e-02
1.490812622419497302e-01 4.489609040697867953e-02 9.367369818230093792e-02
1.445591565621611452e-01 4.464142114989572835e-02 9.333342755857293449e-02
1.415572485486105148e-01 4.083351858326522699e-02 1.006172861691729536e-01
1.497815960041825323e-01 4.137085142212487687e-02 9.688609704208707429e-02
1.494480628613976125e-01 3.856802527826976718e-02 1.003022376210491867e-01
1.545593198486045761e-01 3.836019303541864794e-02 1.008677647705574637e-01
1.574491473233749772e-01 3.928480165972573351e-02 9.989045999079082527e-02
1.738411917396470996e-01 3.953675673898529586e-02 1.357524349438609668e-01
1.525366069366253796e-01 4.088873666666704987e-02 1.369864844861105602e-01
1.689667214240437032e-01 4.131524489780499798e-02 1.388889583833082531e-01
1.581966086292991569e-01 4.441821078434050191e-02 1.391519014011528554e-01
1.833337411284250984e-01 4.562391202423847492e-02 1.399889266847755831e-01
1.810560964692659036e-01 4.424811826759358913e-02 1.255128748923617366e-01
1.904595277083931948e-01 4.529131633463664292e-02 1.254863699916785591e-01
1.943094723032304794e-01 4.895458984985719825e-02 1.239314121482687353e-01
1.864285887412618914e-01 4.846416186755116845e-02 1.239309741125658726e-01
2.067054619059594256e-01 4.947753713562376421e-02 1.263217394914882552e-01
2.015387492614357789e-01 5.038686706486666250e-02 1.263244547398003625e-01
1.859147224390066133e-01 5.157071727544814549e-02 1.231482219690366031e-01
1.959870772577036180e-01 5.015388644403669799e-02 1.195008753365362358e-01
2.147709175513035917e-01 5.015841606367228006e-02 1.155094814532120484e-01
2.152524874104392860e-01 5.254527452425598877e-02 1.234434926078760014e-01
2.526602484141006744e-01 5.128346605552748516e-02 1.239207599022756762e-01
2.631208915950863370e-01 5.211264355120723279e-02 1.241474131020606358e-01
2.626860465288216040e-01 5.178236284264573636e-02 1.249938476031482448e-01
2.593471597667915129e-01 5.190894478733166367e-02 1.267568872942347602e-01
2.833949948976172695e-01 5.052639930127524048e-02 1.258456468402520123e-01
2.956110987714435923e-01 4.810451173956428739e-02 1.261058059822327271e-01
3.298405999727741511e-01 4.652775257081956384e-02 1.341249528565171822e-01
3.503999221037408240e-01 4.785017795835129484e-02 1.346780440038515825e-01
3.749205069722202910e-01 4.791566673669052367e-02 1.330077555326634464e-01
3.560727211135013559e-01 4.667940843423182967e-02 1.334484815638507793e-01
3.676756852280990140e-01 4.449683089302002709e-02 1.303576842923615808e-01
3.459556036061332551e-01 4.518843813026394290e-02 1.293093491764734926e-01
3.317984098413535032e-01 4.465656644151524274e-02 1.297560527488454962e-01
3.335950012064654024e-01 4.404295397664510781e-02 1.297217553646300980e-01
3.204480969930558754e-01 4.144317840380118412e-02 1.296571607282852590e-01
3.425763560673046326e-01 4.051808741898100391e-02 1.403499374743155670e-01
3.327849176020976629e-01 4.018212946438193267e-02 1.574139088579999401e-01
3.170962354422714458e-01 4.119471178144354373e-02 1.568221983789684360e-01
3.115088742727591953e-01 3.975285241685536791e-02 1.569001676019380342e-01
3.026056228866841336e-01 3.775872148262634370e-02 1.549242216860499399e-01
2.705717120493696948e-01 3.468939117460857063e-02 1.661429484338518558e-01
2.648054699191066397e-01 3.653057945099713599e-02 1.669289474217860170e-01
2.966598584378104531e-01 3.608705408093726419e-02 1.537966783744606214e-01
2.987756556788579987e-01 3.606643866183725788e-02 1.555445752141167148e-01
2.833357661760911306e-01 3.661291154075176080e-02 1.549883547878161960e-01
3.212565866206224530e-01 3.812351628113114926e-02 1.143924695746997844e-01
2.972721332268583594e-01 3.774434421791810629e-02 1.181928569698579151e-01
2.567626226070039985e-01 4.046134518604111580e-02 1.183740309369116228e-01
2.608199776796257807e-01 3.858440204663839829e-02 1.181896018015805710e-01
2.288198039237977488e-01 4.118984580755103569e-02 1.228515047307025126e-01
2.126339108289932167e-01 3.989292120439832251e-02 1.173733278896299803e-01
2.235537430543268755e-01 4.023101198356524022e-02 1.195903841816431112e-01
2.304606612924135767e-01 3.981772451074500757e-02 1.196657911305160221e-01
2.399133265783582603e-01 4.021384711734420775e-02 1.196128463355976418e-01
2.306596417472014937e-01 4.003694992574974298e-02 1.175414029248217640e-01
2.411195231944853190e-01 3.760582854791451324e-02 1.177139335479148174e-01
2.455738649063970158e-01 3.838145910650705289e-02 1.160134296369214613e-01
2.766664177691288695e-01 3.584351645322115393e-02 1.169522984870629695e-01
2.655568499227881074e-01 3.847436100295403144e-02 1.189697148789788245e-01
2.848082954188520532e-01 4.197587838004029209e-02 1.138071396968723670e-01
2.577324835423720484e-01 4.314350874481494985e-02 1.128573156670377581e-01
2.117687470692419249e-01 4.124308566114710112e-02 1.126863555593917710e-01
2.203348842176191813e-01 4.171189496934154389e-02 1.143827082529173533e-01
2.265499453737330471e-01 4.018469221682302583e-02 1.176110008819478692e-01
2.434151697073425602e-01 4.368078064008569517e-02 1.146963241322271343e-01
2.140836509933924103e-01 4.234296649050116323e-02 1.176187254501884216e-01
1.964907137304743034e-01 4.293918793953824947e-02 1.153043644233244930e-01
1.920043039031076038e-01 3.994330431581520624e-02 1.303261295283381083e-01
2.284084431928671832e-01 3.860917048882073904e-02 1.310416187002156618e-01
2.286751006646946804e-01 4.026955938793363304e-02 1.302218252233069973e-01
2.413292501212253582e-01 4.198575484207684588e-02 1.306106159478960804e-01
2.037938592917821479e-01 4.194643597907552618e-02 1.311750756681110686e-01
1.872706623078170540e-01 4.293181984379165761e-02 1.292384091673548230e-01
2.060715294256709462e-01 4.266906550758536171e-02 1.289362593628157194e-01
1.856814253278034621e-01 4.455583071929945099e-02 1.294669495769162071e-01
2.149067294187190780e-01 4.885930161742450817e-02 9.957485548728320368e-02
2.153173757530409682e-01 4.677198311818647758e-02 9.020583741375748366e-02
2.270437197587962808e-01 4.556773501776946456e-02 8.870699837628855111e-02
2.354154637726553756e-01 4.489010330297731749e-02 9.048833916366672003e-02
2.484178913834683977e-01 4.107660894984248301e-02 9.042275095765840709e-02
2.468905209082810637e-01 3.953093666947332663e-02 1.002859529444638242e-01
2.646901987072128315e-01 4.389100833902891130e-02 1.002350211690724163e-01
2.844643625557036759e-01 4.292762398579129390e-02 8.733406399781416807e-02
2.636769910628491975e-01 4.432664213799312330e-02 8.748976700392814554e-02
2.321369018851436039e-01 4.540001937400119092e-02 8.518123083204956481e-02
2.494533448757175753e-01 4.332339946542339282e-02 8.314030489117497924e-02
2.639754629159411503e-01 4.306641748968432354e-02 8.138335276909626492e-02
2.503890263769957270e-01 4.560207145363704556e-02 8.353617078975855703e-02
2.200757145596371755e-01 4.576417172586195320e-02 1.002070843431707159e-01
2.282045852606050529e-01 4.406013349572517751e-02 9.961378603931582421e-02
2.429322907676302878e-01 4.484637115171669769e-02 9.222017056456370543e-02
2.531701892496990292e-01 4.694917760191174433e-02 9.115699275204459939e-02
2.587457072542570513e-01 4.898464653061002788e-02 9.225133462783903504e-02
2.640523971591456354e-01 5.119294937098178844e-02 9.842552470365205364e-02
2.622273150146913201e-01 5.011396167813973734e-02 1.003347090089626165e-01
2.779757592142255707e-01 5.439772585900250201e-02 1.056358619600899218e-01
2.600406565133266401e-01 5.189671926528213047e-02 1.018224619251436452e-01
2.859232294154873677e-01 5.399595667299357526e-02 1.023008184786764752e-01
2.896291166090195768e-01 5.247974850439099392e-02 9.572187721057552612e-02
3.030658012380912369e-01 5.208190744728877219e-02 9.922067037310126902e-02
2.958700354429001367e-01 5.131293776410184027e-02 9.947469964615542060e-02
2.905863588941959841e-01 4.896981311994045433e-02 9.978241613958603595e-02
2.903739334784427029e-01 4.719487368049282705e-02 1.002510522557538003e-01
2.831346315564133298e-01 4.880821580122002984e-02 9.962546696369323218e-02
2.718571259631044068e-01 4.921110520866578408e-02 1.013366469015988119e-01
2.553120894979907796e-01 4.625715249149610353e-02 9.765756260139642209e-02
2.669099276390528019e-01 4.518174443105381355e-02 1.048515477854617822e-01
2.620579569067214565e-01 4.240982008315729440e-02 1.128625898679510853e-01
2.463895315042757828e-01 4.307470179651014253e-02 1.182782348277009732e-01
2.468585484767328864e-01 3.995383161132066985e-02 1.198674030946546981e-01
2.384628558528219255e-01 3.714099953689085909e-02 1.190825571300435787e-01
2.334448933289052786e-01 3.687099367329494531e-02 1.194289365545565251e-01
2.331674928077131781e-01 3.869026475474372784e-02 1.193543115449322845e-01
2.392702042361918580e-01 3.948888667747937897e-02 1.184373110557590536e-01
2.149694894874476236e-01 3.684228859967628167e-02 1.334574721720573065e-01
2.075563027392497428e-01 3.407989824581384580e-02 1.348384852967851044e-01
2.098168833857812776e-01 3.735176884894655241e-02 1.370424587528247806e-01
2.027338089366474971e-01 3.940286738837710245e-02 1.326239992901570020e-01
2.129565004231649128e-01 4.094829055516453764e-02 1.279688274479611199e-01
1.908205097289132068e-01 4.503830713434053834e-02 1.288870708087068995e-01
1.967281183398401911e-01 4.524509425645591859e-02 1.328851411948294425e-01
1.922251019259433036e-01 4.329827379947946697e-02 1.270181471611366852e-01
1.771636804289910272e-01 4.003854298719656396e-02 1.191496836008771182e-01
1.843786510186842809e-01 4.094558981164332645e-02 1.192934902717056461e-01
1.801532129951186334e-01 3.962789742278418487e-02 1.180827698116843072e-01
1.641951964719918777e-01 3.925109079507104609e-02 1.183239706811733127e-01
1.601355116945812895e-01 3.836426913070311445e-02 1.266434629592532168e-01
1.521371163601036858e-01 3.758614812775896985e-02 1.252463955073671309e-01
1.368990123164841033e-01 3.829383082678593925e-02 9.150897318562611904e-02
1.369244096871010119e-01 4.202537286474039568e-02 9.073888506192819003e-02
1.438118963878879664e-01 4.082275956369825487e-02 9.126885236024036285e-02
1.417031148734388957e-01 3.650129862739340258e-02 9.247802429694340631e-02
1.613593784359163286e-01 3.235718788981215704e-02 9.174859468899242143e-02
1.576895741573559606e-01 3.139432205642221640e-02 9.173379085524616117e-02
1.570536564914607747e-01 3.296198200154067809e-02 9.551385845755218373e-02
1.517820751139672408e-01 3.455963747804190883e-02 8.870924560467778608e-02
1.527576974354409312e-01 3.596540583855304535e-02 8.885898994458742151e-02
1.566194911123174049e-01 3.587043010507970364e-02 8.983906467212990354e-02
1.434057376635783365e-01 3.694580036985660454e-02 8.359381738767127090e-02
1.480852357221915383e-01 3.801149775416814286e-02 7.689867870957273199e-02
1.589985350841283118e-01 3.907749293564603821e-02 7.581998256216491983e-02
1.749028314328384959e-01 3.731645158949289248e-02 7.889542908980140545e-02
1.940744994185326366e-01 3.675219169606250280e-02 7.937355626995841462e-02
2.024045096473774119e-01 3.660801917096951491e-02 7.883827319707856218e-02
2.012429467711732423e-01 3.551912943126183525e-02 7.674982409357306024e-02
2.157908907083476158e-01 3.663979025203791678e-02 7.838408971319128782e-02
2.020709719931803872e-01 3.736601080543287823e-02 9.485074690431176403e-02
2.038085678967205272e-01 3.669329596578085190e-02 9.881157245368070441e-02
1.767800698945840299e-01 3.522706927227404333e-02 9.574023771245955550e-02
1.885540465531222731e-01 3.647771203197540391e-02 8.944999864737333828e-02
1.788183237854486241e-01 3.692426625255682687e-02 8.967638417713701127e-02
1.906123223733226513e-01 3.601087492601903056e-02 8.776820556283572439e-02
2.021863969745612832e-01 3.942060188169670132e-02 8.746817092466387111e-02
2.184425167275442503e-01 3.942652824859833177e-02 8.772053772434217078e-02
2.351239772776991532e-01 4.167620728470550207e-02 8.854341863540717006e-02
2.345818183797049039e-01 4.082076925580114396e-02 9.091229574671003122e-02
2.258340180662513075e-01 4.322130215226822197e-02 8.897439213041359596e-02
2.467667217439051541e-01 4.484856686934222264e-02 1.224775097410096825e-01
2.464008213829327887e-01 4.322400114982573316e-02 1.152938487405842372e-01
2.331389539717577397e-01 4.162624795085623219e-02 1.135658387101709660e-01
2.098884584870350511e-01 4.371947619468366519e-02 1.161796847152026663e-01
2.189994572842424159e-01 4.188892903852534100e-02 1.166319587551709752e-01
2.441643529660859069e-01 4.187926423652733876e-02 1.162723422719328242e-01
2.642499614817000464e-01 4.331382908275325377e-02 1.155994206723558043e-01
2.538253528896846078e-01 4.310656844427596113e-02 1.157073242922548179e-01
2.229406970719983450e-01 4.619851729386042355e-02 1.130827220720041354e-01
2.367686591164657184e-01 4.321901575018945174e-02 1.577719539944290317e-01
2.360002928013497647e-01 4.360141074952939705e-02 1.571945106703762640e-01
2.469975584891689058e-01 4.234354065758708791e-02 1.549820668265861900e-01
2.339259609186867539e-01 4.197794544794050675e-02 1.550126811238279056e-01
2.465755168976971612e-01 4.173252670240800571e-02 1.539112658618235208e-01
2.574417920064373533e-01 4.355225500602926542e-02 1.439822738303838945e-01
2.538937370310151986e-01 4.663195566694942201e-02 1.391975428466569187e-01
2.386365363084692326e-01 4.598189646528861446e-02 1.452287617112024698e-01
2.418350451326667649e-01 4.677168705519647168e-02 1.456802508674384378e-01
2.580770572624829229e-01 4.653374340025239614e-02 1.477268759876768645e-01
2.638542205783163119e-01 4.622909607218070316e-02 1.480250042396263066e-01
2.521464161526280612e-01 4.763364684776141833e-02 1.477969927162979535e-01
2.623390627006253473e-01 4.632668147537294390e-02 1.477462228472576633e-01
2.802442040919389532e-01 4.551341331747842112e-02 1.503094914479803645e-01
2.700111382408491578e-01 4.673774538220409891e-02 1.499127028430708719e-01
2.660373585501303317e-01 4.624584940723460574e-02 1.500388926997658912e-01
2.584263715373553705e-01 4.609820667978252462e-02 1.506312134658756297e-01
2.555756897369509950e-01 4.535816965154901986e-02 1.496690323812750745e-01
2.568709326220102729e-01 4.530288094762127682e-02 1.485358539797849708e-01
2.625719393551458891e-01 4.445536368580453590e-02 1.464444671021831179e-01
2.309774483789369115e-01 4.458934356229010687e-02 1.417278123733436423e-01
2.273771934277410700e-01 4.535790570177324760e-02 1.437679783954832480e-01
2.185680904862393192e-01 4.413498666977224566e-02 1.413885010618502747e-01
2.086318163350007193e-01 4.625006372402593047e-02 1.423697590024278758e-01
2.293548742666635665e-01 4.657679514004660348e-02 1.443240315754421299e-01
2.490285948187592469e-01 4.772395307214108429e-02 1.439071140418853867e-01
2.291756053908508839e-01 4.651374879465446088e-02 1.431985773925438521e-01
2.301747507516928026e-01 4.520798763423077016e-02 1.431133260980143596e-01
2.253621080248233710e-01 4.686682088667568080e-02 1.609886479678821203e-01
2.136637430022049478e-01 4.558238922111727820e-02 1.447586967073651032e-01
2.129493125382243279e-01 4.865693493278032411e-02 1.454268752913677465e-01
1.919279420193034935e-01 4.682658040210114364e-02 1.460600859683260644e-01
2.133278668665869182e-01 4.519276954665652629e-02 1.456064053201931163e-01
2.007554760739027333e-01 4.408002614482991327e-02 1.446139457961028163e-01
2.363144046110433327e-01 4.539360044152616902e-02 1.450566121321808233e-01
2.399669075331519741e-01 4.359089058930292609e-02 1.452990623031039374e-01
2.550092661461587085e-01 4.210836470071214338e-02 1.382429486469318736e-01
2.763199274058820154e-01 4.203265276887727109e-02 1.375903287819853493e-01
2.627227210557974701e-01 4.093947316693904992e-02 1.375261388565230392e-01
2.442528234376563634e-01 4.250058867774232640e-02 1.348058325100068844e-01
2.333983683425603917e-01 4.192555526505462732e-02 1.152030953268557562e-01
2.381951404028712638e-01 4.102999931038877474e-02 1.140391414441206536e-01
2.221228066041462945e-01 4.016788689198479839e-02 1.117687360374722966e-01
2.092434543604382302e-01 4.052454779753687092e-02 1.143832928541985011e-01
2.184780942649585667e-01 4.033790079321559335e-02 1.126818750226051963e-01
2.110390651831109965e-01 4.150805395832741357e-02 1.035842345054073105e-01
2.228601697360299838e-01 4.350462054173449833e-02 1.035474149952465145e-01
2.291034879909125688e-01 4.094813674102817241e-02 1.053614368542332702e-01
2.453635624884595579e-01 4.126600918040637667e-02 1.057727769895605158e-01
2.270515848086884503e-01 4.328898121063348009e-02 1.083505058133575061e-01
2.301520065070311039e-01 4.370082130924426989e-02 1.077544226598770027e-01
2.371448981526788624e-01 4.285851418892657611e-02 1.072520323750584814e-01
2.214085023922103268e-01 4.282054190947839900e-02 1.081151460198979813e-01
2.218057232354298802e-01 4.309709932425130618e-02 1.079516729570918626e-01
2.184402113464357087e-01 3.978054663586943346e-02 1.067073006409157421e-01
2.252695858331796863e-01 3.948031983569884329e-02 1.034440098152723531e-01
2.018709213981870476e-01 3.930802317897575532e-02 1.023580426261021525e-01
2.093827569876947348e-01 3.967962006507284867e-02 1.064754678550760003e-01
2.127377924722527736e-01 3.874844250995468364e-02 1.056290827004276039e-01
2.155132594481072306e-01 3.645349684577450095e-02 1.358652057637044219e-01
2.076571322824162791e-01 3.310098590057655027e-02 1.378968064457159193e-01
1.837751748492624515e-01 3.069225034008229991e-02 1.369216634889805773e-01
2.117929882949899922e-01 3.102178213707573393e-02 1.380493370111190721e-01
2.159261815669018536e-01 3.138128784671944532e-02 1.391412349851470498e-01
1.829691652412127334e-01 3.257429531896278985e-02 1.411203165207632337e-01
1.840094893328276249e-01 3.094307946165983023e-02 1.394849189485471985e-01
1.830742841371163776e-01 2.878266628169968283e-02 1.386954281460255622e-01
1.811066133918099175e-01 2.743638732581052744e-02 1.395165495732494099e-01
1.905476778196001364e-01 2.574552568193394161e-02 1.225206587713663087e-01
1.867909559818728971e-01 2.432846603487114415e-02 1.243543335924132270e-01
1.984047135035762188e-01 2.456334351276366623e-02 1.228553054665855460e-01
1.972748145067696190e-01 2.523220819027823317e-02 1.257772089674024096e-01
2.122130714010058428e-01 2.659808320234690812e-02 1.240087999665406282e-01
2.195952696761831191e-01 2.910722277087396739e-02 1.237701262569634170e-01
2.233314524302076609e-01 2.770632508271026265e-02 1.244975974787389528e-01
2.449876099225934689e-01 2.362507478775265068e-02 1.280839681642680639e-01
2.367553194866198474e-01 2.685969352724373871e-02 1.278364880950225158e-01
2.241225053726108585e-01 2.683863231047578166e-02 1.267047106172094761e-01
2.328543944311722291e-01 2.903080116745567971e-02 1.267727101276400481e-01
2.411834687804119137e-01 2.869681859453845213e-02 1.270976236869661435e-01
2.208223616775124298e-01 3.006004380521953845e-02 1.352604660333660003e-01
2.208299510402908505e-01 3.096004268881141080e-02 1.369117961226604951e-01
1.944305697481256145e-01 3.063866611216783942e-02 1.480365165314060372e-01
2.100848138672951892e-01 3.147213058726133772e-02 1.465111178576858075e-01
2.137793111358134435e-01 3.324623050410475955e-02 1.508385774678704383e-01
2.225166094883899992e-01 3.405407082535178570e-02 1.511427293485519130e-01
2.149264865244993328e-01 3.436784142106366624e-02 1.483425133008316188e-01
2.261119911952675920e-01 3.423425478214683210e-02 1.503884506078413397e-01
2.257734178419863458e-01 3.454991519067496242e-02 1.505534572750384659e-01
2.253144992738746188e-01 3.478198733626655659e-02 1.508955873911659862e-01
2.258487014750306110e-01 3.538442228807046896e-02 1.547006255139179443e-01
2.290369504800410794e-01 3.706343742035850264e-02 1.530186915543638171e-01
2.202625390283864948e-01 3.777528144812631467e-02 1.521355506952255243e-01
2.114775413941359095e-01 4.136573060165924659e-02 1.542964050577120549e-01
2.048589350085587291e-01 3.797612647067235420e-02 1.480080261566662503e-01
2.246559983782971948e-01 3.836189052511228270e-02 1.500628797456477759e-01
2.278483492155181367e-01 3.856842574635599430e-02 1.490516205261423477e-01
2.161396959145354957e-01 3.925705027304023792e-02 1.618545814851038989e-01
2.444474535200398813e-01 4.018624778386035296e-02 1.640885994432018380e-01
2.518533450256414952e-01 4.194807864311722589e-02 1.466914481206740839e-01
2.497935062301882003e-01 4.702627355355872008e-02 1.474183301758099640e-01
2.695459559481138134e-01 4.477063725880847667e-02 1.513056765266719284e-01
2.789970112896356658e-01 4.609153241088501801e-02 1.480845679287325634e-01
3.068383041350150608e-01 4.686644767313338095e-02 1.661293504963116119e-01
3.073124381847744946e-01 4.825231522378829047e-02 1.647219796750651888e-01
3.122994171458641777e-01 4.550936069359080155e-02 1.594997202620996313e-01
3.061790402971803493e-01 4.487215363156014242e-02 1.607812655622138653e-01
3.034256751309568068e-01 4.625460299655635016e-02 1.596295224728967455e-01
2.766263689440021101e-01 4.451539152865459370e-02 1.567870072033045181e-01
2.796744150325628508e-01 4.238771256170986712e-02 1.560898175310328206e-01
2.871830881134727065e-01 4.243601806769997653e-02 1.603640496406642801e-01
2.875467906824280551e-01 4.360458939873291390e-02 1.606458142045520954e-01
2.859627639661891374e-01 4.436206175186879763e-02 1.556531300670542795e-01
3.089364390676331285e-01 4.339232678725675474e-02 1.565389227747449041e-01
3.135247713874657616e-01 4.326025098441838024e-02 1.551935552923878470e-01
3.191679469333409958e-01 4.339785398802743083e-02 1.559198085825982683e-01
2.977509091402458230e-01 4.624384658745402804e-02 1.557994428685719746e-01
2.999166223811502996e-01 4.749577799616483409e-02 1.564533979879933756e-01
2.973967494732440153e-01 4.683054164257403895e-02 1.667574716481902142e-01
3.326343020270199902e-01 4.712335166700663824e-02 1.653748439692194483e-01
2.998586073404490571e-01 4.525226675193756709e-02 1.436772319072979198e-01
2.928106085080762755e-01 4.422301396951277414e-02 1.453024240621844099e-01
2.644783924344729087e-01 4.409224929909300039e-02 1.215194497624022957e-01
2.700033969637610221e-01 4.628020757373991351e-02 1.234705672736292059e-01
2.567085184188685476e-01 4.413871290269985592e-02 1.175269824357552673e-01
2.648422540003435022e-01 4.302819094003952627e-02 1.190954740642450466e-01
2.634732797065965082e-01 4.761103591393141266e-02 1.211462726619912111e-01
2.722517002392674801e-01 4.550784542143598843e-02 1.205146961539723532e-01
3.028958379965254188e-01 4.969197293417225436e-02 1.355451352502152762e-01
3.044882370697211682e-01 5.182527878045269792e-02 1.375526390406290322e-01
2.796730067255314700e-01 5.328308145450388889e-02 1.325683874486435210e-01
3.100535574012728279e-01 5.449690148172031678e-02 1.241806027674148549e-01
3.036807791311935123e-01 5.334256666813924630e-02 1.263064974193936207e-01
3.107254536371774623e-01 5.207005361167264118e-02 1.248358627885656214e-01
2.767729815411099081e-01 4.967299114326398368e-02 1.256018979478501219e-01
2.768696205832282820e-01 5.433577405807637345e-02 1.274249192732986591e-01
2.907698640729678985e-01 5.060740562675770243e-02 1.346043476684067042e-01
2.835977341517769146e-01 5.028191062992598548e-02 1.273172854453133163e-01
2.713952621189394399e-01 4.794306456419728663e-02 1.248991461515185225e-01
2.484122881420026407e-01 4.916954620717865765e-02 1.162482853426319018e-01
2.544275609101731561e-01 5.017011656608903747e-02 1.160452087923358327e-01
2.500800863257617301e-01 5.232851360289517834e-02 1.149252520349984957e-01
2.520822794720899429e-01 5.727494657660266164e-02 1.180393673151055034e-01
2.305398139995077089e-01 5.855220667669291945e-02 1.145219652699708407e-01
2.451790684503862838e-01 6.021026912197247755e-02 1.157400077102541114e-01
2.642296107149295636e-01 5.965766599010775828e-02 1.249947587228955742e-01
2.678604044972075493e-01 5.846834160319665241e-02 1.222930501671679049e-01
2.798163117389915189e-01 6.080483661396359624e-02 1.269720724830871728e-01
2.628541788441644544e-01 6.250664652226646523e-02 1.246831002543165867e-01
2.561145697027736312e-01 6.541614572489050372e-02 1.268081710925851313e-01
2.363623956358872347e-01 6.452907899125331914e-02 1.233821743713685026e-01
2.606351146800660601e-01 6.785913864231434001e-02 1.205507446623962226e-01
2.718260278113528994e-01 6.219448689542369374e-02 1.186247251148806747e-01
2.566890961242185853e-01 6.073745538925148790e-02 1.185927662338187305e-01
2.430697718140498453e-01 6.371059906655930638e-02 1.192811536558555374e-01
2.354633929263527381e-01 6.166406099048961365e-02 1.207083393774872476e-01
2.517230843069500068e-01 5.655501418081076287e-02 1.109543263252865120e-01
2.564574654337756776e-01 5.548382922421104396e-02 1.087583152140011583e-01
2.563210657115165270e-01 5.270614670571407284e-02 1.026339542327434767e-01
2.410272574335272089e-01 5.095505727459927886e-02 1.027249487695774399e-01
2.867362462430168013e-01 5.245107034532908025e-02 9.984015552543504257e-02
2.996455226096308433e-01 5.653082489195942334e-02 1.096166306065721185e-01
3.108875125181677634e-01 5.133698901592519820e-02 1.072120905521291717e-01
3.037718520807305977e-01 5.006890526908747141e-02 1.056038297047906804e-01
2.846400529575835447e-01 5.473098860882050914e-02 1.036436248009227207e-01
2.904455124692157941e-01 5.670765796344443693e-02 1.021393076105760050e-01
3.081368200460882778e-01 5.118239002153178452e-02 1.031012321204356763e-01
2.966309580745715158e-01 5.335480349711893555e-02 1.088444673422172548e-01
2.881217346561679715e-01 5.053643454985292521e-02 9.335466312478518658e-02
2.955362265705828162e-01 4.921555924021851075e-02 8.634623913120419159e-02
3.153964957209257070e-01 5.029592800795481405e-02 8.666068982798731668e-02
3.082432755355591913e-01 5.125814170416258947e-02 8.772572293280563038e-02
3.351054031578444281e-01 4.769112948526806062e-02 9.070469465846614510e-02
3.110638778066416865e-01 4.858706058368154196e-02 9.132604587408640895e-02
3.181729729699452336e-01 5.093142267240512860e-02 1.114763651650079179e-01
3.288054964857412554e-01 4.968945020037270066e-02 1.121267500772818310e-01
3.294551123085516231e-01 5.219670938671938654e-02 1.079487341109147402e-01
3.392971765327112421e-01 5.520719265188591546e-02 1.102164019786395777e-01
3.307534282855646435e-01 5.664144830175292522e-02 1.108024036768555792e-01
3.078482779084480980e-01 5.516674450045676303e-02 1.100764754941332690e-01
2.793481380463903596e-01 5.611570236091830560e-02 1.769374767921745029e-01
2.638035598856336428e-01 5.773177128454177326e-02 1.765896502041849614e-01
2.493681575562377295e-01 5.348258377251496193e-02 1.808803180879177130e-01
2.393452085098414506e-01 5.461286642109310085e-02 1.839674407558131441e-01
2.392005638001309109e-01 5.461865754389955835e-02 1.828992538422970771e-01
2.000568491269430205e-01 5.470752131820923181e-02 1.741916965060269495e-01
1.778622855315277751e-01 5.375330702135682620e-02 1.775947384043303767e-01
1.954745677387272063e-01 4.815082641790988799e-02 1.657047780641676682e-01
1.775618825979267401e-01 4.522691667295727219e-02 1.681731564136084434e-01
1.647325516162344294e-01 4.536265699337405782e-02 1.928763808541553437e-01
1.618047360954860403e-01 4.424436878197047368e-02 1.902037851208628894e-01
1.537864183190387202e-01 4.260078116382010061e-02 1.819896855356956944e-01
1.605488891081215119e-01 4.679909200463884533e-02 1.801601478938763545e-01
1.709028106107647604e-01 4.941209446611043860e-02 1.815300042714856898e-01
1.696415167821500314e-01 4.815317302734316296e-02 1.985685959435369019e-01
1.752687207841357730e-01 4.643250686306760189e-02 1.988935317574525297e-01
1.712669853875855852e-01 4.978293649964474904e-02 1.976352180166206507e-01
1.812732570168812674e-01 4.731774645985568212e-02 1.948097300301054324e-01
2.004718143445806122e-01 4.984060175618553606e-02 2.277452644845305574e-01
1.797392820996720486e-01 4.956275490841916681e-02 2.272525332203560455e-01
1.966196499327788894e-01 4.962375227442049341e-02 2.285026832645215833e-01
1.800570073452074926e-01 5.065075966910403960e-02 2.276052902172244763e-01
1.938214954069339968e-01 5.205994780421775714e-02 2.289616931400504929e-01
1.947664456454527293e-01 5.188596854406579001e-02 2.277401934022853791e-01
1.940605004637904474e-01 4.801697818720394167e-02 2.270320361635893847e-01
1.983194301527674841e-01 4.610841782104520975e-02 2.276888529813532458e-01
1.864822911821251150e-01 4.655010785782853072e-02 2.267439605920614498e-01
1.832158860955894475e-01 4.380265146441295748e-02 2.187776991552309036e-01
1.981653571191173413e-01 4.130182123275917550e-02 2.204286101273314480e-01
2.058453811734511085e-01 4.135247695948287422e-02 2.212324056181642906e-01
1.948349580221755695e-01 4.038953638870528690e-02 2.220128626812660766e-01
1.905812209512356692e-01 3.798583592769202294e-02 2.206255650738806473e-01
2.117191512766592176e-01 3.858229027470062161e-02 2.199083387851761273e-01
1.938619575078487922e-01 3.969202936170913160e-02 2.244648939326477077e-01
2.033185440671623767e-01 3.728541873438212528e-02 2.039303748144173367e-01
2.158132694886034375e-01 3.804985064451212734e-02 2.032563166837116908e-01
2.034578714762110829e-01 3.801406473791575646e-02 2.031489195742166576e-01
2.135359596893565415e-01 4.119702561002756142e-02 2.002834876282817145e-01
2.138753348617438987e-01 4.077940028914330689e-02 1.962406537248173044e-01
2.198767769454194332e-01 4.008703837745101334e-02 1.985383962929256618e-01
2.073563583049821413e-01 3.987003971785831047e-02 1.111071374348568813e-01
2.005890852632175314e-01 3.729282368293568989e-02 1.479537058217114398e-01
2.027303793713194358e-01 3.703551838448460032e-02 1.509580413757675155e-01
2.094401173058241528e-01 4.002558140387592334e-02 1.484013010664544385e-01
1.981918804001359391e-01 4.041808038749310217e-02 1.492924224734447081e-01
1.988028828840432138e-01 3.774692367627704298e-02 1.517209734121669484e-01
2.009627343964202895e-01 3.839091378641299596e-02 1.514351734552923656e-01
2.173211978909611597e-01 3.721085033738505410e-02 1.527495641081370870e-01
2.223490632795651900e-01 3.856495439777581774e-02 1.531726697140045890e-01
2.262755346116472055e-01 3.528802848809433484e-02 1.785964650632164141e-01
2.156950140680138905e-01 3.870760366066740982e-02 1.757562067732518218e-01
2.135912564668277225e-01 3.893901452248657580e-02 1.719617360314645294e-01
2.541446686470170691e-01 4.031861892910539036e-02 1.708157074926489605e-01
2.597512901402314056e-01 4.000893094610897399e-02 1.713672549944450785e-01
2.616148117216685054e-01 3.391324243134261757e-02 1.534097606044722006e-01
2.602908075980249203e-01 3.506630628706163683e-02 1.533549725109717432e-01
2.800351865448770794e-01 3.728158116213384221e-02 1.536470926495769884e-01
3.119816936141461827e-01 3.886127892633015751e-02 1.596331612331599314e-01
3.281602688646025334e-01 4.029657692904286409e-02 1.699614458189988575e-01
2.863974307530077756e-01 4.127221951264160166e-02 1.696140368667970744e-01
2.757747478651283446e-01 3.905172256822808663e-02 2.182203359716637370e-01
2.682098357804329480e-01 4.141476031347304798e-02 2.169634736155377219e-01
2.827758894904595088e-01 4.346133652201256137e-02 2.169932589900006314e-01
2.601395057143111034e-01 4.222388778904224288e-02 2.362304734870392942e-01
2.652100299288191465e-01 4.327111206034437579e-02 2.272684065382149232e-01
2.736512885290695585e-01 4.129707403096358198e-02 2.263651617255421911e-01
2.541213692887537845e-01 3.950360319861069558e-02 2.163785389334394182e-01
2.774291357907606170e-01 3.926173519390303845e-02 2.185171493874952797e-01
2.795907306125030023e-01 3.797198013286891272e-02 2.224914659953552976e-01
2.933126193794443615e-01 4.057134363508897029e-02 2.225791057976355125e-01
2.892938089748516850e-01 4.293423937629874815e-02 2.263863110330223416e-01
3.028455453071143832e-01 4.336164542613427791e-02 2.328999159162347676e-01
3.065691805646663104e-01 4.321815175881221771e-02 2.385696519898441448e-01
3.261037059238918734e-01 4.133981497356514073e-02 2.267417946865301071e-01
3.215219165937746038e-01 4.145767947728380698e-02 2.308514177465499639e-01
3.406112089267408494e-01 4.359702021816045520e-02 2.375403576275797179e-01
3.261807389969724746e-01 4.479237544795303810e-02 2.442701261015896297e-01
3.112861552764912276e-01 4.456077279459423612e-02 2.477897058537160968e-01
3.257128963982465208e-01 4.754209418540873699e-02 2.532620545754341035e-01
3.299932942187158713e-01 5.058985490244624628e-02 2.613522207764829020e-01
3.292560280794911698e-01 5.121000929089809112e-02 2.728068628084722169e-01
3.447302044922784248e-01 4.972638068912973303e-02 2.831101469644393132e-01
3.381466191314159708e-01 5.052384222619648452e-02 2.943416814293015604e-01
3.510541573153364570e-01 5.048847324120862845e-02 3.037293053357762451e-01
3.383539446256343397e-01 5.161943359857210784e-02 3.158700287199144308e-01
3.597184486345259558e-01 5.301881080230374382e-02 3.307442756600096900e-01
3.788988826230011986e-01 5.535526202179243127e-02 3.397227853885934068e-01
3.677420733254254670e-01 5.920062548114514434e-02 3.550987347004339600e-01
3.983126941385538022e-01 5.840180295100972502e-02 3.726202055920325162e-01
