3.071434837922992767e-01
4.289668699014456132e-01
8.755641231096342736e-01
3.258035974499634557e-01
5.785227721364415432e-01
3.081973112819546001e-01
3.167033903093401936e-01
2.412990031430295723e-01
4.913908035576683431e-01
2.234275125829744135e-01
5.345282889004566718e-01
3.607086578313159486e-01
6.557947310179170763e-01
1.356206086919762077e+00
3.214299975378593910e-01
2.164480697386775843e-01
2.478934154993261418e-01
4.107578771040116261e-01
2.062788455921573949e-01
6.593241383897067154e-01
4.440772065160284443e-01
3.015918964700500804e-01
4.527854348264048201e-01
5.958311330222537672e-01
2.931382080546823254e-01
4.986368328965974372e-01
5.461123306912316622e-01
7.008608172016361770e-01
3.008798624798121879e-01
1.947130843563908698e-01
3.223030349186457033e-01
4.519309080658354683e-01
5.371157747968148266e-01
5.076645815061086031e-01
2.565655868788484506e-01
2.214273170067266872e-01
2.602461899014270053e-01
2.832054696905264013e-01
2.462987347327036391e-01
4.532903788456175143e-01
3.747752935349958348e-01
3.590096227568223552e-01
6.899020975142021728e-01
2.528973494567132718e-01
6.236530773191780730e-01
2.419473246310304693e-01
3.232993862584735423e-01
2.500645525485997722e-01
4.563621814884967764e-01
2.527584719988445472e-01
2.056487845807411508e-01
3.564937794244711355e-01
2.050760969363888964e-01
1.813943084596155164e-01
3.029340333504419447e-01
3.302351327869363917e-01
3.598408001152800795e-01
2.147302639909345612e-01
5.909587490298670032e-01
3.917475264913279354e-01
5.026504756132739171e-01
3.665548926354060266e-01
6.263555580675699286e-01
3.493842964082265468e-01
4.003835673681609419e-01
7.028894198076515165e-01
1.477067735732423281e-01
2.115424816082777659e-01
4.896183141393745664e-01
8.661825435616438140e-01
1.895576552777419876e-01
6.709793833180415223e-01
4.093745041036525034e-01
3.973396786574681649e-01
3.773037075398237294e-01
5.148511959001051963e-01
7.568341523328520060e-01
8.721263865870391152e-01
8.956912942089565455e-01
4.362595571519315429e-01
9.138498756998895134e-01
5.946240838707002041e-01
6.092158024658532733e-01
4.714374275253166435e-01
6.695161622897515263e-01
6.919482199930967470e-01
5.829955222225189360e-01
5.214986657617070032e-01
4.605305313179284266e-01
3.240019801289161228e-01
3.994538671450402756e-01
4.878877783455353723e-01
5.373705241328220472e-01
2.536067852322594351e-01
8.445271130729723463e-01
7.801275976661268263e-01
4.966145421416748307e-01
6.923021879311082039e-01
7.219302259681700251e-01
5.967294110208984925e-01
3.974601698451880605e-01
6.363663051312118402e-01
5.726837782246865238e-01
6.606034746546738390e-01
7.516343746317126762e-01
4.409068459077638003e-01
2.553115706852681077e-01
4.392914553638350150e-01
4.354683037815963997e-01
4.900573035992848991e-01
2.062346004893785834e-01
8.718915984626482985e-01
2.460341949983644028e-01
4.335438862282063877e-01
1.087525128592089274e+00
4.515898223957729440e-01
6.519443023193303155e-01
6.498235055605036115e-01
1.901258961411613768e-01
5.988600388527078877e-01
4.524038992495634237e-01
4.006545378163564597e-01
2.427008887059120545e-01
4.941139865950018861e-01
3.368343444934271957e-01
1.676778010370507110e-01
4.298514496480086988e-01
2.661050174986627770e-01
4.068734532250012359e-01
2.727231468999170572e-01
7.630896151526633808e-01
9.281799520892820565e-01
5.771217822493108773e-01
6.282718938049502988e-01
6.334831883460709800e-01
9.271478652542864962e-01
1.979658105772872378e-01
1.378964136073833890e-01
5.600297254332633479e-01
1.670535908368525058e-01
3.425296310006894496e-01
1.579395460801314433e-01
4.425762759679450764e-01
1.700142963411801766e-01
1.563563232443335171e-01
3.264170813769607382e-01
2.930971114871590566e-01
7.652322632241402856e-01
3.152611954354552770e-01
1.915982690939787014e-01
2.208067843750645964e-01
1.199076967123504783e-01
3.529657609838093846e-01
6.271143105566757692e-01
7.044937204286380039e-01
2.298756885601216104e-01
3.993224902568909274e-01
3.343075249056466913e-01
1.612482852695766578e-01
3.162933830805799151e-01
2.135926105203467262e-01
6.435976812896838650e-01
2.808980238054049616e-01
2.355629451852168377e-01
4.276195731910319431e-01
2.226659843065870725e-01
6.210360416162747921e-01
3.375392143988092397e-01
2.756396438820724049e-01
2.793867336977663984e-01
3.105066893582505982e-01
3.725022489389143154e-01
1.893425140015523034e-01
5.238439015853970648e-01
5.362853408748766704e-01
6.561490780779846155e-01
5.501666086785870213e-01
2.542100408101296560e-01
3.585563492285328557e-01
2.541690768529284439e-01
4.003262801309671604e-01
8.140127285191685047e-01
1.881754778274592754e-01
5.260506832993796511e-01
3.410039249296795694e-01
3.644602497770957905e-01
3.393792609870264765e-01
7.475010229311646048e-01
2.991490510933795810e-01
4.075749471740681140e-01
3.242240034344401334e-01
3.397151057139907171e-01
2.876627267778527619e-01
4.159383398334514093e-01
2.715974757784793692e-01
3.686674573883269024e-01
3.466734340756902344e-01
4.947929743550950610e-01
1.992984115287395608e-01
4.189926870597117103e-01
4.858241128392051800e-01
5.498918117427031849e-01
1.939103176832741582e-01
5.707236428652973093e-01
3.785075307455690874e-01
4.626126886503027502e-01
3.863490365766263368e-01
4.589109721827212551e-01
4.623019969705584598e-01
2.164406263598989688e-01
4.669587236434236122e-01
3.938578337770823334e-01
2.616280998382607414e-01
5.606844811350917279e-01
2.198563947637082461e-01
2.974705930567024814e-01
5.298164059918361035e-01
4.113171325302603099e-01
1.643767639924866020e-01
3.626131368610664429e-01
3.474032619839952929e-01
3.412971090891769865e-01
1.678249349677912450e-01
2.137965913090776604e-01
3.462151135209091124e-01
1.716988120577077337e-01
7.901658180196013959e-01
4.778768645902673473e-01
2.215976504069677167e-01
4.255124195744158233e-01
5.958033732629124390e-01
7.861815333030232056e-01
4.925375892851431292e-01
2.460621249164469115e-01
2.410842990290195942e-01
5.465211802513302297e-01
6.231941724013445594e-01
6.023971175270357303e-01
4.057044612037792319e-01
3.827147180107960955e-01
3.017717737707090730e-01
3.802463894619644846e-01
3.661355678394636604e-01
3.545704336166110582e-01
2.021925424154437934e-01
2.196638005218972955e-01
3.560328705557358475e-01
6.962979704200860098e-01
6.368083332166704080e-01
1.568883140585072278e-01
6.323895299081506716e-01
9.864427156821405918e-01
3.748274265061850574e-01
4.890394051219593141e-01
3.877740265489357241e-01
3.228912045429389033e-01
4.501999379362885967e-01
7.014568729965550142e-01
6.970608517017699013e-01
1.629561599011826734e-01
3.458973676806417763e-01
1.582996054519298090e-01
4.814011750633908071e-01
2.324017607002060448e-01
2.760846818296449623e-01
4.401343401430121705e-01
1.825409637298272547e-01
2.558864157240584025e-01
3.147463136202166001e-01
2.091993004241443910e-01
7.392273088346883458e-01
2.160346517248454001e-01
3.214381124091034159e-01
2.811830448054870590e-01
1.705098351721217598e-01
3.076741055245716949e-01
3.948041173774611279e-01
3.294460181126274700e-01
3.569798654547608474e-01
2.122951858275850534e-01
3.245522080843998847e-01
1.784660094470907898e-01
3.761547812846900984e-01
3.614121492505634192e-01
4.366818812676969142e-01
3.617290419789635503e-01
4.251422345235256195e-01
8.028173599392267601e-01
3.869459690134774421e-01
7.172297681269836911e-01
5.345985536663193649e-01
3.241185289980190731e-01
7.297900474526142212e-01
4.486915410352556033e-01
2.714721673011876169e-01
2.300652748037436690e-01
2.526270140151052335e-01
4.212764195223939190e-01
4.826382836777386443e-01
4.403382249091035150e-01
2.055071124181412634e-01
2.415614097998572130e-01
6.842335838343056587e-01
2.550908060982417513e-01
2.233937230055316747e-01
7.848618545608326835e-01
5.935567903856631133e-01
4.727730512011898423e-01
3.922476058021953649e-01
2.905519337766255816e-01
6.067559353411936529e-01
3.917263051018325948e-01
2.308206075618441933e-01
9.987444632602884287e-01
2.662326266838082600e-01
2.188915159630766272e-01
6.173341201696980196e-01
5.416551598851770954e-01
3.844317004847908614e-01
3.995485728865558750e-01
1.907523891968420371e-01
2.893462397819751564e-01
4.377005797258102238e-01
2.241111812894314714e-01
4.668229220010822189e-01
3.922806928260677561e-01
4.214435598516341197e-01
5.379704874427505557e-01
6.267947840191741005e-01
5.660017200515888858e-01
3.861713106052385158e-01
6.660080215093983069e-01
4.040538710199317873e-01
5.700171272693113078e-01
2.813003584011170566e-01
1.243585678207387996e-01
3.751099535237609750e-01
4.842835530139022460e-01
2.087849275676048055e-01
2.429601318623885731e-01
2.323964329114257266e-01
3.913915347505758646e-01
3.585042324586568130e-01
4.354782783367978638e-01
2.764303241516652410e-01
4.408162995587853739e-01
3.722013162134858444e-01
3.659464222169240277e-01
4.897678519575577871e-01
4.220092337620145462e-01
6.759654819367489909e-01
4.446297596111843387e-01
4.078422144658368498e-01
5.168871670182471068e-01
5.829493610631755196e-01
5.856261129851197955e-01
3.294939972511040094e-01
2.718643853673164967e-01
3.050816004058940489e-01
3.998520467155801672e-01
4.886642041364658851e-01
8.655967706820971719e-01
2.477451538767287409e-01
7.654077294409110666e-01
3.435980870655894748e-01
3.384606238913098752e-01
4.332028110480236061e-01
2.781924734732300619e-01
2.016758940679359013e-01
2.241482044623742953e-01
5.181596599980018425e-01
1.707479076189027389e-01
3.635452261398682827e-01
3.195657583213450947e-01
4.765224458078221037e-01
4.440284375560403785e-01
3.852727085891892722e-01
2.829753676920274685e-01
2.946461532152542251e-01
5.380967425692032569e-01
7.095976657875410210e-01
5.734476664299312798e-01
4.135938024610871233e-01
3.074177345712132969e-01
5.710586692033894352e-01
2.746774381172322199e-01
2.534665003097180125e-01
4.659646768056983079e-01
3.502075633184325021e-01
3.489940725879531191e-01
2.740032416521615555e-01
2.512452398158605549e-01
4.352144091921955060e-01
5.061004080903994673e-01
2.641317570322673780e-01
2.899683697312109287e-01
2.750161503870800495e-01
2.265816923390511772e-01
3.745414627280802544e-01
3.528704588306562084e-01
3.131703201696114380e-01
3.406161779018089808e-01
2.922606255146010801e-01
4.097715292417911104e-01
2.279887124706388990e-01
4.715657538228126833e-01
2.906518782649608057e-01
4.906320014021002818e-01
1.066821528571121780e+00
3.485504170031853977e-01
2.421947707602581379e-01
2.804737309748229768e-01
4.357585860755143203e-01
6.016504503353601319e-01
2.016962742030863620e-01
4.109163230082579776e-01
6.610045534315293070e-01
1.431066436460386448e-01
2.177553266154720335e-01
5.525152806560971186e-01
4.369117963138998695e-01
3.162443752400030950e-01
2.706548887182174123e-01
1.372230503497812171e-01
3.520111012806670936e-01
6.145585178090376965e-01
3.520814755164143883e-01
3.961572738526994431e-01
2.258791785731919244e-01
2.590257484454526193e-01
8.021260460667724024e-01
1.658857609777585063e-01
3.879982569459861641e-01
3.429194015366352488e-01
6.622423220497327678e-01
1.626731478994550284e-01
5.215480983713346452e-01
5.328863217183575918e-01
1.419842441610921768e-01
2.389243462987405420e-01
3.227430645186671887e-01
5.277808045343108656e-01
5.475444648471237130e-01
4.762112654682562063e-01
2.116725252562375037e-01
1.019069567347964833e+00
1.821533312862660681e-01
4.139834204089389846e-01
3.957214263936998933e-01
2.665698868491887530e-01
2.193244370303982504e-01
5.095278814995589656e-01
2.925285397347988092e-01
5.307720203939828574e-01
3.846301895328878007e-01
5.073845200967714852e-01
3.415731935922750040e-01
1.710453541951973966e-01
1.986297334709379581e-01
3.078644562102391125e-01
1.973758128606522833e-01
3.740348673492341347e-01
6.631529044627915148e-01
2.266813595638551004e-01
6.376631888505644996e-01
4.386610303229435681e-01
3.451694654627229242e-01
3.548738312995460276e-01
2.647061498025086168e-01
3.207774292338830269e-01
4.382866225719175834e-01
2.846258641302114034e-01
3.208008422787607672e-01
6.967343406393352589e-01
1.974903840461547100e-01
6.352506081129247750e-01
4.261658884779229162e-01
1.662410150682789856e-01
2.432685992410330567e-01
2.679214640433663086e-01
5.048573078843033857e-01
1.160275276459392241e-01
5.414977837190427801e-01
2.339763920302288802e-01
2.110171729237564353e-01
2.048046935834358373e-01
6.652228332311720393e-01
2.003274712755462039e-01
3.695625230093778635e-01
4.386520123777385427e-01
8.273092163112764075e-01
4.710373514261993466e-01
2.368510241164300534e-01
4.643018974055736492e-01
2.112246500970395291e-01
3.350999225466734788e-01
1.411349045543221770e-01
2.813970153718338696e-01
3.167851603407386141e-01
3.920928278110413778e-01
3.619323940642008020e-01
7.559315514829756388e-01
2.512922435373090568e-01
4.366556890923545264e-01
6.665659430545217701e-01
4.163899396688149901e-01
3.006530932702862757e-01
4.229650093124028287e-01
3.735827464019136346e-01
2.891454227785758002e-01
1.034540751407137416e+00
6.279490884773492043e-01
5.495120349981734709e-01
2.434547404479309451e-01
4.196183600895200816e-01
3.615330467212664600e-01
4.789762733398844619e-01
2.925990607353242678e-01
4.469846917041675471e-01
3.098817156893370339e-01
2.259627203444745935e-01
2.663950343076824101e-01
4.525771493265224321e-01
3.896546047316956085e-01
4.020072794877412314e-01
2.342881830283079780e-01
5.736326212849185424e-01
3.181738090693105314e-01
2.787416001139552679e-01
5.684832944859280479e-01
4.439343621143239105e-01
4.705675831047107516e-01
3.938108943976905696e-01
5.342593937944420945e-01
2.731598109156895271e-01
3.816372354015183932e-01
3.570423329502365184e-01
5.382089189196653800e-01
3.483737429081197323e-01
5.898213571261952115e-01
4.614704582356394247e-01
3.980247876374991001e-01
3.491799586377270503e-01
3.030935442299030336e-01
5.285621594659999367e-01
2.850728451296947741e-01
5.847044624910643362e-01
7.094485986226816143e-01
3.415775227764072386e-01
5.963860064587828136e-01
3.270086365871093248e-01
4.077333271416155314e-01
2.477129584130516315e-01
3.107578972623781244e-01
2.695677445242716241e-01
3.964868104658270109e-01
6.784540714346436463e-01
3.523480431137063218e-01
5.735506186459327083e-01
6.029912951585455483e-01
5.073958273365201110e-01
4.334750617173586673e-01
3.611340382861177312e-01
2.404216580330447162e-01
2.717302215349634564e-01
3.878085680495843568e-01
2.738450809565576294e-01
4.840552077541381837e-01
2.095614080327087847e-01
2.739002840675023864e-01
3.117966941389710422e-01
2.532972206667182813e-01
4.355413591292346398e-01
3.123803677602338125e-01
5.508531513491836673e-01
5.695157935893501167e-01
2.580441816893461193e-01
4.028517471104808290e-01
5.267492531606454698e-01
2.360519487779730030e-01
2.347284076325752145e-01
4.065869727482634421e-01
6.655118550103762409e-01
7.365598731883072903e-01
3.438456254613566632e-01
4.072051790012637396e-01
2.215968420115998205e-01
1.007229756337870263e+00
5.687451545506000405e-01
4.445349154673163272e-01
9.073499654815011528e-01
1.144601981875139396e+00
8.039204660268024494e-01
6.826836815586886376e-01
2.797053515765238751e-01
7.998431355545346788e-01
3.482495515793058716e-01
5.453896301439894456e-01
4.993714549524839730e-01
