-2.015915852296676469e+00
7.344966058647538487e-01
1.304765016283425116e-01
-1.743385953319113835e+00
-1.713835207308962438e+00
-1.261114520331144240e+00
-1.735937310135625467e+00
-1.535904461200329418e+00
-1.674509532588735583e+00
-1.320178225401608341e+00
2.048986646348311541e-02
-4.972062508401295933e-01
-2.282923079900075203e-01
-1.361850575900341864e-01
-7.777695143085281426e-01
-5.269887161563501649e-02
3.891395910325919361e-01
-1.034921513003745214e-01
-7.612112071810313019e-01
-8.087936160738686681e-03
1.694779543527190624e+00
4.430934139045172304e-01
7.077704921725885834e-01
-6.115560243971330801e-01
-1.018570670889060725e+00
1.765684852434365792e+00
8.519672484571357007e-02
1.301484411646000261e+00
-7.925410780868955563e-01
-1.481262209184160739e+00
8.794148067050451267e-01
-8.838031216466428475e-02
-2.132586689005271929e-01
1.905365742149413566e-01
-1.501285109452438427e+00
-1.090393483516291617e+00
-3.278498598112824514e-01
-2.825529416036896002e-01
-2.371833703481807665e-01
-6.029586713739960580e-01
2.268540657223993839e-01
5.367272300273189245e-01
8.954658851669092812e-01
-8.597196056296915745e-02
9.022703439242987233e-01
4.137976738295631174e-01
-5.243304667745019021e-01
-1.383239962109005683e+00
1.913132915554410562e+00
1.020271426797093817e+00
-1.047605147409956805e+00
-3.544840329960056158e-01
-2.429590406072225095e-01
-4.306643553344634556e-01
1.353898158234581706e+00
-1.587686519409273189e-01
1.042741350332439670e-01
-5.413166150754613604e-01
-8.323148915376625823e-01
5.004269722727899827e-01
2.240327614042784410e-01
-1.121323484337247933e+00
1.035257702032402083e+00
2.391736814633034225e-01
1.891968859516579560e-01
1.153868227991185380e+00
-1.534100976379800141e+00
-1.336017804370252193e+00
6.021052521919389999e-01
-5.747888536946411664e-01
-1.147059374086979888e+00
4.453797312637503003e-01
7.512478164811952075e-01
-1.351991369997994352e-01
1.631040239237011136e+00
5.156244519895745171e-01
8.325974900954328239e-01
6.186344581596754377e-01
6.071716724927717079e-01
6.029034803049809765e-01
8.531141596430588114e-01
1.180062182604702858e+00
1.334494547696351452e+00
8.885704236185845151e-01
1.288014659686817609e+00
1.381291307077712749e-01
-4.657160009675673784e-01
-2.471895369262557540e-01
7.935518204143769960e-01
2.318892867739076949e-02
1.010654253646093403e+00
6.221650891553178742e-01
7.454206596721738576e-01
9.665308724757131209e-01
5.594009142972702353e-01
-5.293062436338050736e-01
9.575750425954285827e-01
-2.101483085043959198e-01
1.236765549911887474e+00
1.919753118819257365e-01
9.327985057839236482e-01
1.027806030203008758e+00
1.950782513348481517e+00
3.414517489058679356e-01
8.874813352341971440e-01
9.610653325618796761e-02
1.303481840786843982e-01
1.706725870177579596e+00
4.334775755171492162e-01
4.100270762926179202e-01
-1.428920163339769234e+00
1.131138015222024062e+00
2.428946752134695380e-02
-8.930823106159344604e-01
-5.100872157180658117e-01
-1.314857857866567947e+00
1.817344648588482992e+00
-4.723682029647184311e-01
-8.885321935718608621e-01
1.005103747337836362e+00
-3.835021929998410628e-01
-1.143258833949530429e+00
1.260078299915750460e-02
1.361600947134124162e+00
7.441866651151410883e-01
-1.614399165606001496e+00
-4.840632624451688959e-01
2.130504074215016919e-01
1.171153855410667216e-01
-8.388783145026279531e-01
-1.013058647509353039e+00
1.259492922262696601e-01
3.200226131809919661e+00
-5.698461565786919758e-01
5.047111159029193939e-01
6.344839790720105954e-01
-1.598875016547651073e+00
-1.704319243382900861e+00
-1.662328501668712821e+00
-5.682979256931505185e-01
-1.243560847811752579e+00
-1.632024419675524252e+00
-1.610995349617379890e+00
-1.206389087815777250e+00
-1.826437902732762630e+00
-4.157083575325266067e-01
-1.077951408769804331e+00
-4.559686423455147630e-01
-1.399364061000773374e+00
-1.717029727696652186e+00
6.266162429146036050e-01
-1.301879611265047698e+00
-1.780151776651169193e+00
-3.466697028607169662e-01
-2.057595221693099205e-02
-1.163175856149737619e+00
-4.207632587280171199e-01
-4.561989793272360622e-02
-1.397415067939022260e+00
-1.385117347106584074e+00
-1.766402319067919890e+00
-8.264302078277871999e-01
-1.844923884539539927e-01
-1.292994803463070053e+00
-2.405298138251944773e-02
-1.280687756622829410e+00
3.577996916095642632e-01
-1.480937512632757524e+00
-5.091290085113387986e-01
-1.573372798514771409e+00
-1.676802336336330912e+00
-1.370756603554052822e+00
-1.777064665312520608e+00
-1.477679887318269047e+00
-8.554760353629720093e-01
5.924800755068593619e-03
-1.034832636525875316e+00
-6.752610185015497368e-01
-1.247141935732219764e+00
5.870418262693419820e-01
-9.121803200507853093e-01
5.443768058338603888e-01
1.614882260725686303e+00
1.552958990152103480e+00
2.947539690768066212e-01
6.107816798152255755e-01
4.529034514965654679e-01
7.393225035631527386e-02
2.840164966586581907e-01
1.214909070210569597e+00
-1.328756230050008202e+00
-1.233021798842570238e+00
-1.626240708375175315e+00
-1.576665961164863239e+00
-1.647779353148239423e+00
-1.642353631928206381e+00
-1.553315074150454000e+00
-1.681118484204659369e+00
-1.356625994636909249e+00
-1.737897836912726701e+00
-1.036685986634062528e+00
9.117418292073182773e-01
-1.162826621272659011e+00
8.597549558278406723e-01
8.295173438907117447e-01
8.733367278297551328e-01
3.455394116104843621e-02
2.398496214886422229e-01
-4.313736546903384483e-01
7.751889679436005931e-01
-4.075288295461762522e-01
-2.189839158587408019e-01
-6.133734490256501637e-01
5.826094547147672720e-02
-7.869828746336643421e-02
-5.777989840311958947e-01
1.685079123153575997e+00
-1.695109015313503331e+00
-4.897868687099620200e-01
1.989318790496143130e+00
1.529467436836305261e+00
-1.626917258769182029e+00
-1.637203345168915636e+00
-1.669394849129810066e+00
4.129606394931691904e-01
1.016782326663693142e-01
-1.164630451235231456e+00
-1.613289083694021242e+00
8.855095441430242964e-01
1.035480477592686022e+00
-6.993509723944890677e-02
3.888106440194533109e-01
9.435150543301261405e-02
3.545017569245261790e-01
9.584372616985028515e-01
-6.111599214667539082e-01
1.585231237271194082e+00
3.013674087082161557e-01
-4.144354105363591279e-01
1.425044934074905789e-01
7.318547290824199969e-01
7.233449905154580861e-01
1.323365397337183502e+00
1.355577946145596346e-01
-5.604053304713955130e-01
-3.318600365840612132e-01
-6.717731898215396624e-01
1.761931225857347849e+00
1.017257385808680414e+00
-8.102642470241295802e-01
8.051823975015548474e-01
1.145808129872449399e+00
-1.460387461254216146e-01
8.514960087075684747e-01
-2.530750399791434346e-01
-5.492947379215099013e-02
-7.313988282467159818e-01
4.961254626560807623e-01
-1.396688882781762717e-02
6.909769237702961982e-03
-3.273592291255947306e-01
-1.560607440367008492e+00
7.310018073247964709e-01
-9.402582597470072745e-01
-1.371289926711805274e+00
3.340537010927034256e+00
-2.196250414260048356e-01
-9.814025080373721677e-01
-1.102619681981359845e+00
1.877477776348020211e-01
6.190386025205824039e-01
1.263826112221680509e+00
1.727407305843547958e+00
-5.114427821562702592e-01
1.012083468399544106e+00
1.137740108554086416e-01
-2.303249922960459994e-01
1.202923379180458746e-01
-9.275933847331921944e-01
1.342040533940915825e-01
-5.200234317372316034e-02
2.059682023558753183e-01
2.661670206008588391e-01
1.067597700726221344e-01
1.188369241575030211e+00
8.515426927631388754e-01
-5.917705592858470975e-01
1.251539827755131951e+00
-6.898512225980399926e-01
-6.220132462801060136e-01
8.817717197383407868e-01
1.223793437585170008e+00
3.425197775284374302e-01
-2.828907403850374203e-01
-7.873279769268479722e-01
4.549480441473137682e-01
-1.080514455439490207e-01
5.402635647074592873e-01
-5.514932399971456123e-01
1.413056988196617292e+00
9.542986075224634268e-01
3.653939198870653216e-01
8.631344049792977202e-02
1.304047495970435566e+00
3.137375973913656552e-02
-1.144233090769913169e-01
1.183921345527999269e-01
5.692113143641229778e-01
-6.588803262227307389e-01
-6.744097494504195378e-01
5.943112567684767367e-01
8.951078943991633841e-01
1.290893365109471835e+00
5.199304315242376795e-01
7.819963004916378191e-01
1.194513294395230352e+00
3.146282948203011354e-01
-3.717265213870926677e-01
7.105494522441770933e-01
-8.534187931161882901e-01
-7.044868065562844839e-01
-3.730227752607641611e-01
1.101886715064970268e+00
1.015525265340847749e+00
2.801774425014033287e+00
1.117917176630537135e+00
-7.144791214249988920e-02
8.492999090163957376e-01
3.572598841606556830e-01
1.187168019901361227e+00
-4.556958793862129764e-01
-7.574303740529687579e-01
4.243595469509817697e-01
-7.494009842612885386e-01
-1.573808021903191356e+00
-1.467743626109080157e+00
-9.386571039280491302e-01
-5.061315901927779942e-02
-9.071229452804675519e-01
-4.136324766637703987e-01
-8.239379006047002907e-01
2.728710493209811183e+00
-1.324874320649598980e+00
9.958834602118551427e-01
6.674583783867343856e-01
1.863581416807411184e+00
-5.871629168458912806e-01
-1.639280783077695300e-02
1.540441544266084595e+00
1.244309773823050635e+00
1.821364002040876562e+00
2.578915775236695698e-02
1.575589654013666019e-01
9.216336663627773540e-02
-1.556287863939578575e-01
3.505110160543756792e-01
-5.114664993837270135e-01
4.732405830123785351e-01
3.882435902516005455e-01
-7.100671425692849370e-01
-1.308751234665613383e+00
-1.117579125772660609e+00
-1.341764354573512508e+00
-1.173712449392409374e+00
-1.514667267309342202e+00
-5.820686812178795799e-01
2.356217662434541282e-01
-1.686685712977818552e+00
-1.569277540979677754e+00
-1.314597748553908652e+00
4.780568033754582780e-02
-9.370011261518292889e-01
-1.001565872805739721e+00
7.704058959161846909e-01
2.556517973571603708e-01
2.678530899037819268e-01
1.202243440658878004e+00
-7.705400367870630651e-01
-9.304873453689301854e-01
-4.146846126798998666e-01
-7.779850647649801942e-01
-4.367788409432805663e-01
2.169564628087105873e-01
2.494985308589390549e-01
-4.736893718395943087e-02
-2.595880255504831036e-01
-1.117737114029571543e+00
-4.377653122262673002e-01
-1.239901121643393500e+00
5.809680568201579520e-01
9.218537390963942035e-02
-1.155519020304398126e+00
-6.291093662150624155e-01
-3.078822707525921687e-01
-1.042357495898456055e+00
-9.407145690329976606e-01
-6.060509097738446815e-01
-9.372919689558567580e-01
-7.041298101228331552e-01
1.230719223828343312e+00
-1.149110876690144778e+00
-2.879610446256901657e-01
-3.514288391206446538e-02
6.561492801881478876e-01
-1.233931067044429092e-01
2.045341214058174484e-01
6.908684482813528538e-01
-1.227236781411625843e+00
1.932994095308651628e-01
-9.486918264206615214e-01
-5.358575651495264824e-02
-6.055381071374911217e-01
-4.606558293683497007e-01
-5.758192886743888073e-01
-1.664851890666335876e+00
-3.995951984618593134e-01
1.029039202108485318e+00
1.408689462959356042e-01
8.014940817420225239e-01
9.247632538196267626e-01
5.325547584175782667e-01
5.891048526777532546e-01
-8.394195896672914659e-01
-9.738065782834796069e-01
-4.592882403469404351e-01
6.721822667309160781e-01
-5.073517136429699093e-02
1.440018703155558910e-01
-1.456542306576770418e+00
-7.439092110078383835e-02
1.441250288006171498e+00
-4.811829918650973315e-01
1.534461275600040642e+00
-1.043233319108533896e+00
9.687526906669439997e-02
-8.781554311895799492e-01
3.259005545821824779e-01
-1.435964679786963849e+00
-1.110931828866175586e+00
-1.227101049486964746e+00
-1.153628178362279710e+00
9.940979644795097103e-01
9.886590091906690692e-01
-4.209952947394032807e-01
1.675067366402182012e+00
-1.425710858466346931e-01
-7.605330394597550336e-01
-2.235897102104928980e-01
3.963636608502193459e-01
-1.068582525177860232e+00
-1.255718926112099121e+00
1.026636060129194394e+00
-5.040123186885054896e-01
1.061110078038881577e+00
-6.571712764164329146e-01
6.165607989428242286e-01
-2.350926678138485493e-01
-1.223469501408898763e+00
1.431823484510722722e+00
-1.404007797364834886e-01
-1.145051370336802182e-01
5.145375448116872308e-01
-3.410991993513413645e-01
-1.017267356528661182e+00
7.496019032377350122e-01
-2.087927172133158815e-01
-4.918483677583428415e-01
-1.422787178298843047e+00
1.866406489451581385e-01
-7.902340363948344715e-01
2.256543323112440547e+00
-1.165528723803336275e+00
-1.876360330958069533e-01
-7.901994471172930634e-01
-1.530209921349536817e+00
-2.626137741443391183e-01
-1.319383416213240512e+00
-1.319875244172846518e+00
-1.151693734584831263e+00
6.783301133807255745e-01
9.265043164494366490e-01
-1.581711850369796335e-01
3.482473407145598721e-01
-2.622020618256401536e-01
4.469790837827370411e-01
-1.059912292942701617e+00
2.134876918580512484e-01
5.305721931444344897e-01
-6.144408381883874615e-01
-7.295567909353701808e-01
1.710609648074948641e+00
1.211217768300775433e+00
4.333023441502151241e-02
3.980829614559097118e-01
8.709494661656486114e-02
8.029880942864368043e-01
-1.581788907691840551e+00
6.098360345292536122e-01
1.923386815044599185e+00
2.882948772413667649e-01
-5.339957790492351197e-01
1.452584495946426801e-01
-7.272718047278651232e-01
-9.076218238698029184e-02
5.720416239579424467e-01
-5.478428742739243490e-02
-1.294278546091086168e+00
-1.074671155768103681e+00
5.831132884020165941e-01
-2.519573156759598587e-01
9.620870783583360675e-01
9.391749174215892060e-01
6.226314876349744454e-01
-5.238540766621218037e-01
-2.585433009944366756e-01
-2.881547687943621927e-01
4.085030685090849413e-03
7.976934166355533762e-01
-2.121552654950150107e-01
3.665193557488464204e-01
-5.871620768931857803e-01
-1.094055686976889596e+00
4.077980320980643669e-01
1.259454211573810545e+00
5.436136264547786201e-01
-3.121307533262017708e-01
1.661914155666530113e-01
2.737379871158248656e-01
3.921837906496036807e-01
1.418318814385771454e+00
5.765087690861891989e-01
-5.405935254592969530e-01
-2.850900820107299394e-01
7.904173780528469528e-01
-4.391019964757350569e-01
-6.747161361014299141e-02
5.695539683287679233e-01
8.442830096438669329e-01
-4.284550169726519808e-01
5.808939230596658065e-01
1.247949998233856439e+00
1.182834847318773974e+00
3.847558105963300723e-01
-4.244865828815392872e-01
9.177004837647320112e-01
1.169587954982140472e-02
1.897481570214965829e-01
1.701548544548793895e+00
1.781133205847547973e+00
-4.248230309366283347e-02
6.585841546661181933e-01
2.028238643217256942e-01
-1.646319251719194632e-01
2.083889082925388658e-01
7.438469545175859787e-01
9.849039243611866501e-02
1.748283761355826194e+00
2.592320199695070104e-01
2.297667032852769076e+00
2.559115366141500925e+00
1.358899379285693376e+00
-2.006488113112466776e-01
1.343731891633969777e+00
1.916839478832779609e+00
1.070046176846309649e+00
1.362410482728927175e+00
9.583920524858587919e-01
-4.012934284135573626e-01
-9.020788868583283771e-01
1.045827282981353967e+00
-5.900480912343570861e-01
-1.283607812152998684e-01
7.722972168041271068e-01
2.120394639002209924e+00
8.775374575671648358e-01
1.216402177553234792e-01
1.649462959611158297e+00
1.378011084071675940e+00
1.532735067483547819e+00
-2.148168137250003329e-01
1.012250224275818677e+00
1.285009949090414771e+00
4.092268497637928659e-01
3.509918883986369864e-01
5.576581665524805720e-01
1.489581416228857424e+00
-2.649247049210696203e-01
3.004829571832516866e+00
8.531928056354222134e-01
6.917352838454864372e-01
3.056023010444018917e-01
1.186305866694506994e+00
5.456985268472888118e-01
2.814842599324988148e-01
-2.568996023220943004e-01
3.580798665886566479e-01
1.563263932982366322e+00
3.033601807238097692e-01
-7.509524672961553904e-01
