-2.345823090210463757e+00
5.373054734768876184e-01
-7.866057353758930670e-01
-1.057882598576799227e+00
-1.499021380608464016e+00
-1.379095766349034635e+00
-6.502856281741226097e-01
-2.005077535854725923e+00
-1.239980893331860345e+00
-4.103395429481391798e-01
-3.511405043071602616e-01
-4.902009736643100912e-01
1.259300167000264314e-01
-1.211752060881458037e+00
-9.956587405854359085e-01
-4.759435393735237350e-03
2.455256345601661394e+00
-5.334339433164302369e-01
1.462385500964897556e-01
2.851720403439820806e-01
1.691675813058564293e+00
-6.835335204206249848e-01
-4.686008317447327709e-01
-5.021415694865740686e-01
-6.963853922089262571e-01
1.273183150550243337e+00
-8.094187461495498948e-01
9.781126942360696130e-01
1.036896563266215709e+00
-1.440133110173683617e+00
5.796430534839276394e-01
-8.468999882751049313e-01
3.783620091828152066e-01
-6.401456906163178751e-01
-1.070685174193209521e+00
-5.307475123355457347e-01
5.705641982083132779e-01
-1.175340832367780530e+00
-7.756050054688112816e-01
-7.616860606508686349e-01
7.940090409325325504e-01
9.549127685083366734e-02
5.928617758038666752e-01
8.800362754079384953e-01
1.791906236682482556e-01
-1.983571793703613889e-02
-6.421692188507793775e-01
-1.794440183443807957e+00
7.088329410710464407e-01
2.793155057573163957e-01
-1.192771066360425625e+00
1.402070308711801105e-01
6.723348895216808563e-01
-3.491831615522932863e-01
1.023328747557554319e+00
-2.545807817723465538e-01
-2.008400704109473689e-01
1.339838511233395757e-01
2.902239130599844619e-01
9.776435799494774537e-02
1.070415096109820441e+00
-1.269099024186624458e+00
-1.124277603446914055e-02
-2.820318279739015277e-01
-9.796127368478214914e-02
1.395430185157397585e+00
-1.271648433078761631e+00
-8.364645507227540522e-01
-1.331829499255290150e+00
-1.524126305911452706e+00
-1.606771164117812845e+00
-1.076375062619324141e-01
-5.111219295221021419e-02
2.235978432634521951e-01
1.669545960265549356e+00
-6.502700956206797223e-01
4.735182082117146973e-01
6.401714804786819979e-01
-2.836498453041917944e-01
-1.060950759835801310e-01
3.794883714381151463e-01
1.361676636715031918e+00
2.954538855781659312e-01
4.444219935652166109e-01
2.655602560708615556e+00
1.589470552246810220e+00
-6.214943865554225511e-01
3.447606104426211848e-01
4.752875503414380476e-02
-6.003651212418501526e-01
2.722846863410907647e-01
1.833211946881657894e+00
4.633973287813380360e+00
5.070037138453577619e+00
5.582515864810624340e-01
2.151781352373162814e+00
-2.825114651092137594e-02
-4.902994686883596631e-01
2.467290110349305010e+00
3.154863624891842133e-01
1.577590998926737376e+00
1.185182858916083160e-01
1.724655175535003027e+00
-1.656131173145329594e-01
6.680674269013426869e-01
-2.522174606835754229e-01
-2.319359267628386401e-01
3.449649672751445295e-01
-3.975258729424963750e-02
1.902719371404045567e+00
-4.346599405289935381e-01
-3.796237197606168734e-01
-1.425998632213687056e+00
-5.810206408616981344e-01
-5.128625093756294939e-01
-1.052519791867492227e+00
9.874273139879876648e-01
-2.140097996026373017e-01
-1.570464731012305659e+00
3.247942943399121929e-01
-4.758621728504510151e-01
-1.227088389793655754e+00
-1.940454477687470758e-01
-2.741174002396094544e-01
1.383591680002302038e+00
-1.340636783417096245e+00
-5.383911349930635692e-01
5.574740956031136729e-01
8.302904069653105346e-01
-5.322224356011671098e-01
-2.768514489789420385e-01
1.060999453771782397e+00
1.439644293066187686e+00
-8.900937593076756194e-02
1.620942013086319911e+00
1.339929778267786586e-01
-1.202801124742342020e+00
-1.565155447888465057e+00
-1.584147442568964781e+00
-8.093990261286191368e-01
-6.372524517062133631e-01
-1.917151504713382026e+00
-9.101910189313671129e-01
-7.338639138966330799e-01
-1.349698592851032775e+00
-6.529344350279780995e-01
-6.612725867208855135e-01
-7.125688154307342481e-01
-8.916517246176305367e-01
-1.683535384474932561e+00
-5.309335173923299123e-02
-1.053777707019052157e+00
-1.399939219161597359e+00
-1.493902812286539150e-01
-8.391151578752069629e-01
-1.592114535887714677e+00
-9.755878460612460445e-01
1.688328979452677459e+00
-1.190587451309107925e+00
-1.193780421582467888e+00
-1.700101642105252830e+00
-3.304703844560407111e-01
-7.725561022094887265e-02
-8.696628678293131243e-01
-3.558279695341886595e-01
8.030982474126065196e-02
1.271271409913735884e+00
1.852445905652906899e-01
-2.777190527549583399e-01
7.695992188884092089e-01
-3.623445886656754822e-01
-9.135642263917179706e-01
-8.621627579451357493e-01
8.823655221256453407e-01
-5.161753926666433623e-01
-1.375148896791720921e+00
1.145547469628507953e+00
-1.265458564241042305e+00
-1.017233052396573134e+00
-7.900323937624305071e-01
9.253402345926401429e-01
-6.270408292364775260e-01
5.559671342259371318e-01
2.235303957797487140e+00
1.233007388569842128e-01
7.543803573613161451e-01
1.158799633810122964e+00
2.420256549486398401e-01
-3.015283643047534518e-02
-5.847737752167406766e-01
-1.176931627450428675e+00
-2.038445087350252705e-01
-3.698557126792605954e-01
-1.304001020599778515e+00
-2.091132337117539208e+00
-5.004351633884612793e-01
-9.327317787059534737e-01
-1.450630381378434190e-02
-4.218319568062078306e-01
-4.905213675405105112e-01
-2.428683296186115448e-01
-9.062371975884265796e-01
-8.270610818326222802e-01
-4.520493687188057441e-01
-1.002723741658549106e-01
-1.489678499010684387e+00
2.236143367195845055e+00
-5.907684159213436592e-01
-1.160992541788323562e+00
-1.952880319779209395e-01
-4.586767206909273531e-01
-1.316658675681538770e-01
-1.681045465220887491e+00
-6.666515178239790229e-01
1.172915913534960719e+00
1.035548820100677947e+00
-1.573431558428800281e-01
-3.365867117000453379e-01
-1.254930044875635309e+00
-4.693518871493536637e-01
1.335650218486967855e+00
-5.555071057453819794e-01
-1.754903109329482458e+00
-1.857426489636955891e+00
-3.273609443399346647e-02
-1.045333270422731387e+00
-1.225488330457469299e+00
-1.548086301007436161e+00
2.748324179547173007e-01
-8.058437137997767064e-01
-9.484774509921906072e-01
1.408921145986220536e+00
6.620417319757069263e-01
1.258640076001033836e-01
1.432544924164306899e+00
2.762953055357228460e-01
3.842565241350602845e-01
1.271449655532021383e+00
8.647541340220902262e-01
6.743698545671332756e-01
-5.151072601722836986e-01
1.760798299250120047e-01
7.170861302609967680e-01
-1.462318827538882371e-01
2.569373691038787100e-01
-8.538875925966712410e-01
-1.592704759503999479e-01
4.627622739417574377e-02
1.419233772019162565e+00
-6.201692970548247086e-01
8.475754815942888598e-01
6.965738297086636610e-01
-6.024483965903525418e-01
9.804860024772042992e-01
-3.676631875890967738e-02
-1.149729469572619012e+00
-9.772917790408993666e-01
-2.056810931659545649e-01
-2.802238669811044081e-01
1.730900790416876500e+00
-1.202869364245034323e+00
-2.845560434487802159e-01
-7.628214371659134407e-01
1.389811689877032519e+00
-1.572444987599738164e+00
2.638974651010810857e-01
2.453086041757999713e-01
-6.574658761198420853e-02
-6.083117232386835438e-01
5.298242279336110583e-01
1.407525120596910817e-01
5.994372261864356899e-01
1.083799125726674362e-01
1.830310879107103772e-01
8.749566693023523578e-02
9.474006228981331212e-02
1.215673861965141933e+00
3.578007378237461622e-01
2.546728615052105682e-01
-3.144741188254336628e-02
-1.569805783645562003e-01
2.136257312870172564e-01
2.405159313316498793e+00
1.252608234710487656e+00
-3.614588708962298003e-01
-7.060758704993769230e-01
-1.523104196780979747e+00
1.949746892228508277e-01
-1.254961464225976320e+00
-6.467566596119608269e-01
1.257176899185376895e+00
1.502404098671459076e+00
1.946088911428688339e+00
1.181564430150484207e-01
4.389782928616006719e-01
-8.146055324874931225e-01
-7.760993589675848625e-01
-6.361751035280162059e-01
-1.051512555437385643e+00
-6.868038625707353351e-01
-2.525522935030036775e-01
-1.224305771460088677e+00
-2.934289802212690645e-01
1.648341185242926610e+00
-2.761639051498920305e-01
1.233574739165872902e+00
1.035497597163468564e+00
2.593599403451163909e-01
2.343785327485596870e+00
3.619292851131552080e+00
9.980573283034751553e-01
1.166023968882781592e+00
-2.666349271700934054e-01
-4.996331006347664028e-01
3.271575798461310303e-01
-8.943655192495366668e-01
1.867864920758819824e+00
-6.834838627810675415e-01
6.065649277446475557e-02
5.055474879418783152e-01
-1.022662819656520172e+00
1.836730332182310965e+00
-1.040635147449832376e-01
1.134533440310746544e+00
2.258115208261628204e-01
-7.049549648253290723e-02
-1.242887147116273017e+00
5.518512637309634927e-01
7.629791390274053287e-01
-2.275193690191795459e-01
-9.949996608503739459e-01
1.409671911028958391e+00
-1.218004527435387452e+00
-9.079226646498449460e-01
-2.075250832640937126e+00
-1.173012930039238233e+00
-2.602484319055781148e-01
-4.791419332615581839e-01
-1.455801158704774556e+00
-4.596803570361011060e-01
-1.704002223255621340e+00
-2.995009045413354887e-01
-3.971977706446537804e-01
1.372458977936298896e-01
1.330473208892977377e+00
-4.415676369344243707e-02
-2.369600743070038040e-01
-2.116167052650819447e-01
-7.386597608397156289e-01
-4.924627917959511492e-01
-2.264830741649702384e-01
6.066598532585143477e-01
3.608182312537370207e-01
2.478462942902694421e-01
-8.643680417961166484e-02
3.279397727005053387e+00
1.136258158601194834e+00
1.440866193551384677e+00
-1.070709772899302026e+00
-9.506097172777784321e-01
3.682175987037605153e-02
-7.606387078647944833e-01
-1.381718268807566208e+00
6.490389050307839858e-01
3.821631894968535170e-01
-1.834109771754991458e-01
1.012322102276617536e-01
-2.110365884457699792e+00
-1.454570156292552374e+00
-2.780602996694236384e-01
-6.707160571403073535e-01
-1.848448349508168276e-01
-6.238536980036785140e-01
-1.018627556721688254e+00
2.177344797314245461e+00
-5.865124091011378882e-01
2.694404425123959612e-01
-9.643531334212888939e-02
2.385834017920093419e+00
9.960252946573506794e-01
1.010926340470182039e+00
1.306548899010212539e+00
6.513441114848788072e-01
-1.030980381559047643e-01
9.966699127157888638e-01
8.270030308542305475e-01
8.594303627095727371e-01
-2.010102201632034680e-01
-1.267353292071834669e+00
1.515951073025608997e-01
1.842096603854593395e+00
-9.012094763308489132e-01
-1.411538903177132209e-01
3.991931737788669832e-01
-2.636354829809487432e-01
-9.594245736634448019e-01
1.642284118837313622e+00
2.988057947647165258e-01
-2.151945756862477799e-01
7.537814870371081222e-01
-1.458844646888982632e-01
4.096362321179151111e-01
-8.525859617162200033e-02
4.647330161565375595e-01
-4.800766296849262593e-01
1.700628708502206710e+00
5.141951644726726611e-01
-4.948042134347197529e-01
1.215993298541287793e+00
-6.770873609198559961e-01
-6.473607867037605157e-01
-7.055550334496211162e-01
1.070090868444407484e+00
-5.762270163629104047e-01
-1.183535732897985193e+00
-8.546728760419451676e-02
-6.669627450801438595e-01
1.283159153306530742e+00
6.278460584298839464e-02
-2.169495926470980662e-01
9.683323676256463397e-01
-3.255626858102281251e-01
-8.260976312883434591e-01
-4.237979340980784215e-01
1.604492550478938018e+00
2.031975451864064031e+00
-6.219974045534992779e-01
3.913916353932905823e-01
-9.870894228870458198e-01
7.029977516137958515e-02
-2.713596141147667923e-02
-2.407724299556708858e-01
8.922627223112965522e-01
-1.658838441230307548e-01
5.792603842728348829e-01
-9.100736738928733027e-01
9.909370426660972786e-01
-6.995643692319925000e-01
-8.110580076810696148e-01
-1.073612558099563241e+00
-9.821219156427586638e-02
5.966358668093033613e-01
6.042048738361723847e-01
-1.096933091798664092e-02
-5.403989717472012892e-03
3.062080185291287671e-01
2.797035533173639066e-01
2.709790492978570997e-01
9.522749437791205862e-01
-1.502098795237091000e+00
-7.621326328694799646e-01
-2.466423630784204957e-01
-2.657467345334666442e-01
1.974175888419096025e-01
-4.298383559350130168e-01
1.602124407945820561e+00
4.234136603283061850e-01
1.405178096379061936e-01
-9.329541802205397472e-02
-1.895781191724054682e-01
-1.116364897157964310e-02
-6.231164882795060533e-01
-4.574623887617222384e-01
-8.324007509132441696e-01
3.109242817272234172e-01
-3.485233778646429914e-01
-4.841293333124155329e-01
-7.560007631427018149e-01
3.429303842930426227e-01
-1.998326744946511691e-01
8.574585433258204992e-01
-7.149659446770174620e-01
1.721072284363712457e-01
-1.220342199278362516e+00
-9.390068190157107031e-01
4.006820282904588471e-02
-5.672781385655755182e-01
-1.197164421780241073e+00
-1.458502125990808751e-01
-4.382965947742581969e-01
1.621408039992285000e+00
-4.591307226331658997e-01
6.789647871542794366e-01
-5.803915356609273823e-01
7.663532323129518264e-01
-1.292855154580535015e-01
1.185453854732850254e-01
-1.741105975962143892e-01
-4.405056001802785670e-01
7.080933172086638638e-01
7.557087136531550620e-01
-1.410018620942037615e-01
3.950451940362670333e-01
1.279134740187061192e+00
-1.868067901928157359e-01
2.255657978040389866e-01
-6.798635176022764792e-01
-2.732506230277156334e-01
7.586490362420883482e-01
-1.386133762967818595e-01
5.847230914133306756e-01
-2.741129324086062358e-01
-6.483202751324110835e-01
-9.343279140548269579e-01
1.164064989652303928e-01
-7.364259420126800793e-01
-8.051192497666227466e-01
-5.014919710642817829e-01
-3.308015761207848127e-01
5.234369097640746427e-01
-4.693194561694177258e-01
-7.908199725836411176e-01
5.085797299006975525e-01
-1.248443826926029926e-01
-7.224180156422607135e-01
-2.744967038292003836e-01
-1.768627913336992818e-01
-1.676587436912402584e-01
-3.136745896514970822e-01
8.766455814325760376e-02
6.319201316477452302e-04
-1.588616007517478446e+00
5.424967270450772872e-02
5.324544998511733240e-01
1.495056347451511947e+00
5.196076025206102234e-01
4.078977093451242042e-01
5.267569743773489188e-01
6.051055710595429904e-01
1.645436067089876220e+00
-7.769108235266544704e-02
6.690821683175486312e-01
-5.156641976348205203e-01
-1.638469328647138290e-01
-1.140671405547387662e+00
-6.193323388358406012e-01
2.886806445448435898e+00
4.082290545494521306e-01
-2.364670614493407166e-02
9.488656470973827473e-01
1.575498169752656885e+00
1.432096946346432809e+00
4.327558136409802581e-01
1.214971668873393806e+00
8.163729542287036234e-03
-7.971663163652663586e-01
7.943814871239827102e-01
-7.807125677032095146e-01
9.041067811597650605e-01
1.303823197145317359e+00
-2.915154743333351825e-02
-3.884492225103584606e-01
1.717784133394689439e-01
3.079314519607050382e-01
6.521733778766206080e-02
-4.510045884838716490e-01
3.169410817043060713e-01
-5.328440414318885709e-01
-6.049557301236423434e-01
7.963602100142453954e-01
2.489070698627418032e+00
4.335258495025243186e-01
-3.656350344501017036e-01
7.904618073666855871e-01
8.899218730631479612e-01
1.198715251861613318e+00
-7.316635466048817538e-01
-1.275731460785861637e+00
3.087786246099218923e-01
-4.315336567187130212e-01
5.209753277721604903e-01
1.495009179488191176e-01
9.400309534119678512e-01
8.542336657140453537e-01
-4.709171146642769923e-01
1.670139545298823691e+00
1.274946399741704983e+00
-9.469956166441503287e-01
-7.336320111263756882e-02
-9.943641413218001768e-01
-2.759439380074585890e-01
8.637846789059416830e-01
2.485938173213836921e-01
1.163015868704318168e+00
6.762228627935019665e-01
-5.424770377638086227e-01
5.184498702351327815e-01
3.927791778606740114e-01
3.664056315345751158e-01
-4.085384773777874234e-01
-4.488127123430952353e-02
9.819346742552921281e-01
-2.682658214319753598e-01
6.205680963097089942e-01
8.967248862260895903e-01
6.748203727955712217e-02
-1.653721932182956322e-01
3.883775186193949569e-01
-1.484225804411519523e+00
