-2.197561055332121871e+00
-7.363462739485310271e-01
-1.035192286264477457e-01
-1.765138910886522972e+00
-1.764399723983085533e+00
-1.904055534882470369e+00
-1.570941057048546030e+00
-2.019436335129740190e+00
-1.961559808028542573e+00
-1.456638172296824685e+00
-5.786829555375742062e-01
-1.756081453985412821e+00
6.538748106045773056e-01
-5.236465656758190201e-01
-1.063997370891017091e+00
3.186106020055773369e-02
4.770893875122458883e-01
3.961728274418430673e-01
3.387088344597863343e-01
3.121987499804720345e-01
1.037524854420774911e+00
-1.402777382871877587e-01
1.115224039285511726e+00
2.547219738881527085e-01
-1.877201913055065730e-01
6.198637093946082199e-01
-1.524006500048607493e-01
1.069153158926302138e+00
5.419271510032679096e-02
-8.160148821364483496e-01
9.762280169113017880e-01
9.585404745096919310e-01
-3.313186249399319161e-01
-4.202347286899404954e-01
-1.484666405454496907e+00
-1.753912023734463421e+00
7.321037691785374779e-01
-1.393234732990111358e+00
3.722276807103467311e-01
4.260694941804273883e-01
1.987032592822673749e+00
1.523426226540868900e+00
6.721754784706751584e-01
2.522380724201683244e-01
9.186349612993718328e-01
1.235713916499974863e+00
-1.171435695966287716e+00
-1.800468294250423540e+00
9.650032656856755153e-01
2.062449032474352961e+00
-1.509442530446684971e+00
-4.438292836351195869e-01
4.966435065155446749e-01
-3.706114499605686063e-01
-7.364225439522040229e-02
2.416091359622397627e-01
1.024438430770123198e-01
-1.317862475550987678e-01
-6.937157404834864982e-01
9.981823415591357662e-01
8.209054269626042677e-01
-9.993312730518769671e-01
-5.718424780091929671e-02
6.677143096189537275e-01
9.123461140899818966e-01
-2.055170901235782999e-01
-1.737549589436210962e+00
-5.770217311614772582e-01
1.575434678369785235e+00
-4.118955298363692341e-01
-1.551154468807925735e+00
1.035522311633744641e+00
1.444759156518391041e+00
1.333009905926033634e+00
1.642497592038450194e-01
-8.868909058936977341e-02
-2.888879177866088277e-01
4.945022949676337598e-01
3.143039051474183498e-01
5.239113630494547369e-01
9.260761624362436883e-01
8.867854241238819490e-01
1.566762217427528858e+00
1.660565554583718906e-01
1.484871587398556292e+00
4.384978768183258602e-01
-3.580437673205615345e-01
-8.972898417593441200e-01
-4.911924646098774216e-01
-1.998145024338279785e-01
6.348170946648845625e-01
1.699082725642032665e+00
1.003082899941289075e+00
6.315392149973182434e-01
2.083776390957414182e-01
-1.721914040886923236e-01
1.701517658672623279e+00
1.400160875363437363e+00
1.895280534510102921e+00
2.556812670289927425e-01
4.560925039699679218e-01
2.161650073491453661e+00
1.391201792071409038e+00
8.432277225187112535e-01
9.262482101776622900e-02
-3.035108400391593464e-01
-2.904500633441645663e-01
8.808868426204171653e-01
1.652027190769770892e-01
6.842525171561295583e-01
-7.392252149157332308e-01
8.363317656158369973e-01
-1.082175137750033683e-01
-5.186136829232261825e-01
-4.800993671912555105e-01
-1.321027541554307794e+00
1.072320418207611592e+00
-1.062908292264050036e+00
-7.788332463511570269e-01
6.714094918211654939e-02
7.419875318548351251e-01
2.747552859217700094e-01
2.907054765046322986e-01
9.699884336631248161e-01
2.330283135311982612e+00
-1.136623199373964166e+00
1.062059245500312499e-01
8.224284479969058426e-01
3.459237129706282943e-01
-6.401967673939280568e-01
-9.298309401057938128e-01
6.008262071057631770e-01
-1.631850871902262856e-03
-6.890688869638961211e-01
2.380031319505392651e-01
-1.099769977331897103e-02
-1.318910442390166526e+00
-1.667498839304462521e+00
-1.605111492480386870e+00
-1.590644032541231212e+00
-1.393666510028625627e+00
-2.132115985633496358e+00
-1.732606130323371296e+00
-1.138363636148717939e+00
-1.752323968138053134e+00
4.707815406508729650e-01
-6.718308116719499123e-01
-1.203650742201146651e-01
-6.055006534420774855e-01
-1.707719719361065813e+00
1.420892070873134294e+00
-6.950721947673488277e-01
-1.079932986066140854e+00
-1.660820639275242538e-01
5.830632575260851214e-01
-1.411989167507464504e+00
-1.072545839805533641e+00
-3.074514580840984612e-01
-7.449623195390243646e-01
-1.516015449582799546e+00
-1.172380251450718003e+00
-1.399149093420565926e+00
-4.060183737697060646e-01
-8.873864161409401596e-01
1.417371714841614561e-01
-7.007064906474577137e-01
-1.612063186074634002e-01
-6.513504007887429559e-01
5.821056400731101643e-01
-2.043899660496372395e+00
-1.848577547707090041e+00
-3.720471298776887314e-01
-1.214556864632417188e+00
2.093541725265707087e-01
-1.970365378472064000e-01
-1.028048471299932043e+00
-9.147850875016056982e-01
-1.110269317073759865e+00
-5.689037101603169333e-01
-4.269083446212507127e-02
-2.280255724744896240e-01
-3.759457305090437851e-01
1.191533865659093028e+00
3.333946868560497268e-01
4.481817636488042433e-01
1.054614255250965416e+00
9.710040613000104903e-01
1.569576856236455376e-01
-7.870556340577561372e-02
5.243317945965633164e-01
-8.824981054749896359e-01
-1.074445852672486906e-01
-2.072364175699976663e+00
-1.218240833469711459e+00
-2.134422234573100763e+00
-2.030486019318807234e+00
-1.827075588000248274e+00
-1.881370581205364934e+00
-1.325513426632679570e+00
-1.765396828628611026e+00
-4.385074502499770599e-01
-8.353700545333836436e-01
-4.751780823818083643e-01
-9.184090934195421330e-01
5.741811550080798687e-01
1.934908965354866339e+00
3.099044993478027865e-01
1.605826029722764725e-01
-3.432968253348167020e-01
7.978153107546692713e-01
3.529312032151862288e-01
1.134736018938267144e+00
-4.569058293171438523e-01
3.178120899887911799e-01
-1.125334070313866341e+00
1.273592814959283892e+00
1.798259504772388162e+00
-1.637055626900507876e+00
-8.142991483951865783e-01
1.861778726110567384e+00
1.068587185406422169e+00
-1.579676719290171727e+00
-2.164641035145883574e+00
-2.127868836694845278e+00
5.350613249752687040e-01
-1.593276292140585193e+00
3.972152867669803133e-01
5.135609755594000569e-02
6.476932062307980686e-01
-5.448413293721329209e-01
-5.350337450327889988e-01
-3.074865640703878800e-01
3.218357845708963993e-01
1.801660172927913584e-01
-1.039400667815348622e-01
-1.958388692374969930e-01
-5.515847709822095934e-01
6.250293056976852224e-01
7.366351623152351813e-01
3.321709680381628726e-01
2.843688122654519645e-01
-5.300013407596284587e-01
7.741590354409197960e-01
-7.326849921310542024e-01
6.546740439827875013e-02
-5.928231608245762008e-01
1.418846723871867443e-01
7.418937659929819572e-01
5.501455216607166188e-01
4.142119699019679996e-02
1.551475893739975298e+00
9.383803687737349852e-01
4.346495174117590565e-01
1.248714124167196460e-01
-1.914289780638357141e-01
-5.683506338747543740e-01
-5.998021492106965225e-01
4.161042116585554895e-01
7.333394777924191477e-01
5.235955651526731369e-01
-4.537791391143115027e-01
-2.016056744719281757e-01
6.901056975239706626e-01
6.102718853732731485e-01
-9.458570084654026600e-01
1.087535339405292900e+00
4.038380485659947006e-01
-1.325191409089911510e+00
-1.134058699699944661e+00
1.470589728424183951e-01
2.392349088390870904e+00
8.094171651779482612e-01
9.236062956296406945e-01
-2.971041020936648902e-03
1.677574087832617966e+00
-3.438515840212910679e-01
2.950675292818737416e-01
2.709838018966456152e-01
8.000214623864107533e-02
5.939014243616749233e-01
-4.138223885988007167e-01
2.535573782810823795e-02
3.273762867164922152e-01
7.081702133331044813e-01
6.431975250834929270e-01
-1.597140751815048776e-01
-5.940564171386034653e-01
1.360082165910667940e-01
7.372360805429475916e-02
-1.213152231512600876e-01
1.873294346223551177e+00
2.228671233410005392e+00
1.438716751022269147e+00
-8.765528000678810550e-01
-8.939339877350711561e-01
-3.080319238662645454e-01
-6.501158470068102435e-03
3.915487913850672630e-01
-8.634953699695788742e-01
4.540067861779107927e-01
7.114975867037574009e-01
-4.119018145342434045e-01
1.095875652446359538e+00
1.360220534652606172e+00
-6.625098351297078469e-01
1.230061633004529142e-01
1.456465452580421871e-01
6.779631870416396033e-01
-8.053475530367115720e-02
-4.301011966989742308e-01
9.276744748676445385e-01
1.266700731701395632e+00
6.637120140951715541e-01
1.943151105231810449e+00
1.193290501931501435e+00
8.348296779745139062e-01
3.148824239740713460e-01
-1.070308310521941753e+00
-5.858301749013941073e-01
-2.406806286900355918e-01
-8.746610642655615608e-01
-1.035920755198704857e-02
-6.619621542785394941e-02
-1.944106053340984297e-01
9.659841846109140651e-01
-3.932345965688969769e-01
-5.686229276837495572e-01
-8.053974823576253161e-01
9.152543626737197346e-02
1.557669836589904655e+00
-3.890994303957040490e-01
-6.436725799241032053e-01
-4.842824870113412450e-01
-5.222579704728893546e-01
-2.100101298640046465e+00
-1.742777367759293483e+00
2.329748690725940152e-01
-9.542518741741607968e-01
-7.262201338818566332e-02
1.162009349234608413e-01
-1.167815344116643228e+00
1.879661526583494169e+00
-7.016512290041161393e-01
6.007523580140547992e-01
2.458177861758909788e-01
6.652757831128246480e-01
2.015020941029119772e-01
1.344880751694701893e+00
-9.216367209715373154e-02
8.231924951304256943e-01
2.615683365755232526e+00
-4.954573418751820890e-01
1.047903511265126930e-01
1.245048776416816327e+00
-2.581477456611275811e-01
1.802832039407070486e+00
1.631671246816919219e-01
2.540490394785392958e-01
3.178234085349795901e-02
-1.251790565247550835e-01
-1.322538826763004050e+00
-1.161510830191200272e+00
-5.948967118124670606e-02
1.600355505049022575e-01
-1.456982568188599281e+00
-1.379396441899903847e+00
6.965439977992778919e-01
-2.088891607375381820e+00
-1.079841054103520159e+00
-7.568099559446399560e-01
-5.834720359798671874e-01
5.531475132932235361e-01
-7.155587673535483972e-01
-2.857484032458027512e-01
6.588847496198491083e-01
-1.705627306538760324e-01
1.264500908205382412e+00
-4.228518717254528547e-01
5.699797699302990017e-02
-2.455217267850612339e-02
3.164973088114740873e-01
6.375750558639724508e-01
1.013016535807766960e+00
-3.343084596327256519e-01
2.213183595420312455e-01
3.106353354958229507e-01
-5.495204417617113313e-01
-1.413148112391796607e-01
-5.379930376353501131e-01
-1.049350110041933792e+00
-4.463470780730883353e-02
-9.610176290474068406e-01
-1.230390199441021570e-01
-3.362048184530890826e-01
-9.350224631580696943e-01
-2.765131227367074729e-01
-8.539255567014821802e-01
-7.597228691011579382e-01
-5.468598225094940535e-01
1.043538958409644390e+00
-8.110505383703225935e-01
-1.100170065774052297e+00
1.857544891848762203e-01
2.629195018606130807e-01
5.104147736049178263e-01
-1.391440715985478305e-01
-5.551292834002131693e-01
-1.175407995063474820e+00
-4.057039689246743630e-01
6.951490412116215767e-01
1.707257146672340187e-01
-3.719656503395850078e-01
5.879609866363189052e-01
-3.841609499021920726e-01
-1.802780735937456580e+00
-3.712079729174562193e-01
1.609653954021491140e+00
-2.476455906374182281e-02
7.818036683982011459e-01
8.845544739747797369e-02
4.401682287611935473e-01
-2.531543909078898813e-01
-3.928458741976096902e-01
-6.306648995313776096e-01
1.896621096365629089e-01
6.579084206188000605e-01
-8.014021737696639391e-01
-4.176552318589270563e-01
-1.187606600198380935e+00
-1.198214714765192951e-01
6.926629867448284017e-01
-7.648529073006542500e-01
1.904907099335110043e+00
-1.513185410884990922e+00
1.296578240020711981e+00
-1.463142442291291090e+00
-2.210758017344361948e-01
-1.078335520146367799e+00
-1.051780461986273174e+00
-6.478400953010517993e-01
-2.570834891052574678e-01
2.140650802583550782e-01
2.522888423124557966e-01
-5.351608527546966587e-02
8.461058179155076520e-01
1.329985278978127461e-01
-5.934004151092574508e-01
1.481059684404484100e+00
1.079201603556593669e+00
-8.095561111811822030e-01
-6.399491542247788267e-01
6.466788383331061318e-01
2.547005345063079185e-01
2.112271943256427420e+00
-8.782634716864249347e-01
1.117719101264822212e+00
-2.635646080704522887e-01
-6.069685830572999485e-01
5.498136514250706597e-01
-5.323815568452550107e-01
-8.031367234014166745e-02
1.630304860971752978e-01
-3.659074132497693310e-01
-1.000566175048965611e+00
4.075357093448103152e-01
6.616723815640410677e-01
-8.684597056353657307e-02
-1.001698871973896843e+00
2.881549275084132056e-01
-6.034742530380818870e-01
3.746482104407249381e-01
-1.561679952857058851e+00
8.654602309717485120e-03
-1.347051553429611803e-01
-8.263999090527771596e-01
5.494700103155270021e-01
-5.100513130262585015e-01
-6.731800107226638685e-01
4.090929212832730144e-01
-2.089323319647830024e-01
1.821915632978282629e-02
-7.074513743299785107e-01
9.464700759493377413e-01
-1.105512347267355810e+00
-4.159055944711826935e-01
-1.194330265610926700e-02
6.790100366526816700e-01
1.582531359575805707e+00
-6.022965762062192363e-01
-4.508391481608053364e-01
1.300343555570250054e+00
2.547955146408941718e-01
4.436518901384162716e-01
1.184838716018709492e+00
5.009161433594221391e-01
1.711928831641247095e+00
-7.888715640727254064e-01
1.203207979406560435e+00
2.367347679418588258e-01
3.859293545270436887e-01
4.493258515257546604e-01
1.175469927894456479e+00
7.524131307424664072e-02
-5.086761716662406840e-01
1.121515238079610205e-01
3.570204360182031578e-01
-4.671900308325368512e-01
4.392926155007174094e-01
1.701644047428946260e-01
1.899429236149739464e-01
8.065697970685621609e-02
5.964393379445960264e-01
2.715859100034083151e-01
-1.791539550046048479e-01
-9.779640241618213770e-01
-4.034510304316640816e-01
7.000302173100667047e-02
4.846344594443453835e-02
-4.414262149907755006e-02
-1.782545044940653245e-01
-3.950223806758608736e-01
-2.336270850698566326e-01
3.889730603350600169e-01
-2.779119649514293355e-01
9.661254433790160689e-01
3.587932316948460598e-01
2.553006162374333865e-01
3.061936914764247786e-01
4.311719799798098829e-01
4.776329071106202862e-01
4.673943507414561327e-01
-2.389045898544101820e-01
-2.220685399833631779e-01
2.385860201242316903e-01
-2.198007434128831095e-01
-5.460208045290209089e-01
2.174653304706984369e-01
7.814513916303684748e-01
8.193854598888892227e-01
1.032288711097008260e+00
2.108647418823198783e-01
4.826193567335876899e-01
1.095944956680651450e-02
1.537263866376258337e-01
1.356460972296911205e+00
-2.909682223337176632e-01
5.824021316188742192e-01
-2.674900338828427038e-01
1.714817923599288640e+00
-1.734967178438656110e-01
-1.808472134886444094e-01
1.653694621768447559e-01
-7.099407283470558078e-03
-7.148640801308542292e-02
-2.848435302268268465e-01
-4.452327958338698211e-01
1.422601160322611857e+00
-3.395359769566074215e-01
2.684015539375562698e-01
1.614334045881379853e-02
1.258274648724782896e+00
2.708843342260696119e-01
9.764176834999693799e-01
1.303291271074608515e+00
2.349833566481738523e-01
-2.707068360373682259e-02
-1.378802583730186493e-01
5.582026924696414927e-01
-3.590341324244503141e-01
-3.567051497690987283e-03
4.181763605545676388e-01
-1.738988221428544589e-02
1.215693902395837689e-01
1.172015072585511630e-01
1.602422293332807224e-01
4.757978792317291705e-01
1.422617668334191343e+00
-4.432233463027938636e-01
1.209586333734604002e+00
-2.523830883633726430e-01
8.548409161978187676e-01
-5.781397783950917302e-02
3.983486583876945097e-01
1.115108852191147637e+00
5.290882705000130581e-01
-2.477486766716833211e-01
-8.008598143188638829e-01
1.825414224086850723e+00
-2.398879771123582083e-01
-4.613267448370788476e-02
1.933079235346486291e+00
1.890299600772007871e+00
4.115240232556255373e-01
-2.670634049422460077e-01
-1.028981598773592715e-01
9.703329871983124022e-01
-2.124218767124613771e-02
1.583538610986291673e+00
-8.037936720186888984e-01
