-2.719414670928674393e+00
-1.412383169325544641e+00
-9.295379365873273070e-01
-1.410633295014850574e+00
-1.238861352621364764e+00
-8.926065245258012482e-01
-5.912187511015917218e-01
-2.371362494876299909e+00
-5.605703572118136968e-01
-3.158729846538815139e-02
-8.659456185734675238e-01
-2.139312854348133230e-01
4.497333377757973261e-01
-1.149123894658975020e+00
-1.889455179795179296e+00
4.331955394260023073e-01
1.991380838126057373e+00
-1.967545397530815476e-01
6.831988886272625239e-01
7.998628845518672703e-01
1.554768065934816201e+00
-2.371885324972113906e-01
7.332336197141658962e-03
-8.322763392281307127e-01
-9.012225030922588198e-01
6.378338354040768987e-01
-8.542849074797050912e-01
2.148180513536434577e-01
1.515961417844566395e+00
-1.395838010873286406e+00
1.071595775485842506e+00
-7.913170584667346130e-01
1.102466656337755646e+00
-2.667124042406879281e-01
-8.058757257097327598e-01
-9.117210444959114035e-01
5.704581190058919393e-01
-1.476826478222808881e+00
-8.858039494267164748e-01
-1.107601181522229306e+00
1.797910589049350194e-01
2.089961987184109360e-01
5.373398174166971186e-01
2.980606507359367940e-01
3.023646934329377589e-01
-8.777482320117571679e-02
-8.733556481963113960e-01
-1.714612498668401708e+00
1.013595275435876797e+00
-3.951770312358960369e-01
-8.937473759768097548e-01
1.614176136778877058e-01
5.628103560921479120e-01
2.073309499664582334e-01
8.559367925498049257e-01
1.549732685445448510e-01
1.639549169482401245e-02
-3.337508263763788730e-01
1.595451389834253442e-01
8.975797520868069590e-01
8.290582656764816649e-01
-7.122097225718057034e-01
-9.412582967123374056e-01
4.275041185935808952e-01
9.057021300363169436e-01
6.552540629560811292e-01
-5.655000323331498269e-01
-2.982236250429534663e-01
-1.369636448288356956e+00
-8.046195479050471944e-01
-2.071655837768819453e+00
-7.384850241416481831e-01
7.398526332802267402e-02
1.421845490964348535e+00
1.167173075279197114e+00
-6.685289011948284399e-01
-2.635255491888638946e-01
9.562927891902229804e-01
2.506819172115422045e-01
2.893090934086129939e-01
1.884548468401065491e-01
7.624622477865441450e-01
-8.174446635336730937e-02
-3.915490422594701814e-01
3.056288519567908146e+00
8.377350569791315316e-01
-4.176787631955145019e-01
3.971109187218033187e-01
-1.449363487376659487e-01
-3.811654164567719882e-01
2.675387082059815236e-01
1.454638540908282041e+00
3.562046044262383138e+00
3.136084553906363315e+00
5.565429799227873398e-01
1.686832837666753848e+00
4.915550962427425175e-01
-6.083452280840603299e-01
2.570384134362442730e+00
-1.491373521625692089e-01
2.114527830765771999e+00
-1.504027373699428627e-01
1.453254211204982882e+00
-9.832011095528461753e-02
4.943882556201970591e-01
-4.210184234612585619e-01
-8.309905012029187299e-01
1.029565981666313856e+00
3.646397891477801134e-02
1.352336435324640318e+00
4.949287803380373330e-01
5.283629252479660199e-02
-1.102004978386259770e+00
-1.315767204443057947e+00
-4.119439932441024133e-01
-1.045072057553472655e+00
1.658595536230828560e-01
9.632404447043792228e-02
-1.722869903284292015e+00
6.241159781558053288e-01
-4.460708245767168179e-01
-5.891369343190656638e-01
-3.126318666314716888e-01
-7.474664615109420929e-01
4.820759960184942128e-01
-1.389349627443074775e+00
-9.073560474746968918e-01
2.204619270043539636e-01
1.228093780522035328e+00
-3.140627897858338513e-01
-5.304326847501319442e-01
1.341540592611651261e+00
-2.250387556118122467e-01
-2.704333045420778125e-01
9.083456548873261038e-01
4.887319941405850465e-01
-1.229423023844943952e+00
-1.539230123626897262e+00
-1.901306027367077656e+00
-6.886655598768842701e-01
-5.384484246870679947e-01
-1.897615322558295015e+00
-5.520709199503535947e-02
-4.051954226875918441e-01
-1.273280306725994793e+00
-7.176110861019645570e-01
-6.128419628539306663e-01
5.211999039974334336e-01
-1.315476245116740328e+00
-1.265993119923447763e+00
3.806691332277615247e-01
-6.485844607154065411e-01
-8.766953001316230010e-01
-6.897095505184687170e-01
-1.314384031311146117e+00
-1.689590844864378827e+00
-1.163827077871629312e+00
1.805731722103729231e+00
-9.018333280828083609e-01
-5.507655729408159617e-01
-1.805332951204842162e+00
-5.061531268480391477e-01
-8.648454166789405761e-02
-4.241287564314284442e-01
8.165632790252105311e-01
-4.113086990244854690e-01
2.890613551201192677e-01
-5.333382287749955930e-01
-1.308931631433315756e-01
-5.584047164831508203e-01
2.334258054645666769e-01
-1.226415800640264120e+00
-7.674809580251495955e-01
3.550647402961099597e-01
-3.365296788467395661e-01
-1.703845094629212298e+00
1.348290903851361300e+00
-1.478355913525934762e+00
-9.110109422859065109e-01
-5.676600063033069299e-01
7.814081956938813134e-01
-4.484690922076606800e-01
9.304502381836183833e-01
1.996005295758259024e+00
-1.346984430690903733e-01
1.302895009906322565e+00
1.596441589886147927e+00
8.036817099012109056e-01
2.219289860744141640e-01
-4.556248215320314321e-01
-1.340154968084590781e+00
-1.831084207989590318e-01
-7.975042459834212893e-01
-1.143706006525966323e+00
-2.063948915729032940e+00
-1.572173037014276131e+00
-5.500316525744682883e-01
-6.220175843918976932e-01
-1.906521083285327156e-01
3.012020024177967659e-01
-6.266571754880456702e-01
-4.292639494467576089e-01
-7.608437929507588793e-01
-3.364802833920539915e-01
-1.267167431193405025e-01
-9.720990965562731345e-01
1.938571891292746985e+00
3.825071338073815497e-02
-6.652961280886500184e-01
6.465703052733079437e-02
-3.708773582584413142e-01
-4.855865131387164246e-01
-1.524589340561562478e+00
-9.394673979348107384e-02
6.285822893631242136e-01
1.038100252093173026e+00
-8.865716890937618000e-02
-2.415150773241415139e-01
-1.201465715185568550e+00
-2.065620240268221941e-01
2.104604163298810782e-01
-8.394878721629629448e-01
-2.074839849166169703e+00
-1.873759072490553068e+00
-1.636128550942492488e-01
-6.691221859626751423e-01
-1.499621124784310533e+00
-6.051763515888711753e-01
4.569126214587835855e-01
-4.180978289296400363e-01
-1.077773894212010086e+00
1.124298197972663171e+00
-4.031194271152231390e-01
-4.960230867533749199e-03
-3.683338673120285511e-01
2.614932471853835261e-01
-2.387934964259181003e-01
-3.127835935619614482e-01
9.085595263213016581e-01
-5.497598489185713255e-01
-7.253476191161564168e-01
-4.853724050305918691e-01
1.351566853881079000e+00
-9.423914460971478668e-01
-3.250853368788510500e-01
-1.035414366472991343e+00
-8.437452089521610410e-02
4.169794543663015163e-01
8.464675811638981973e-01
-4.543689644442674980e-01
-1.022081304870517127e-01
8.880266059507186949e-01
-6.576131219635313885e-01
1.739889368675461290e+00
6.117624655055401428e-01
-9.670877642132817975e-01
-3.048714682077112714e-01
6.742694451391562094e-01
-5.280396439491409355e-01
5.690419317028775348e-01
-8.846297365251446498e-01
-3.963664434519381663e-01
-6.187623208799473140e-01
-3.859103509481424665e-01
-1.184838563234702269e+00
7.301582646397214438e-01
1.880769715731827121e-02
4.721084711009447543e-02
-9.486009376317974251e-01
1.456682968414794443e-01
3.442055884754484096e-01
1.153325265302098224e+00
1.951223293205498699e+00
1.050717243008796986e+00
8.182526054470551369e-01
6.699872615563362555e-01
8.949581637152730362e-01
4.528169001599567922e-01
2.270617451364813702e-02
-8.938455437082637456e-01
-6.892667623868689031e-01
-4.201671252454953764e-01
1.827778443266385278e+00
8.683345848610671269e-02
-8.027764165841241514e-03
-5.955442700096338360e-01
-9.751585078471979307e-01
7.203811322124563654e-01
-7.145231226567436700e-01
-1.575047347329872061e-01
7.384260811399323554e-01
1.065482507223259878e+00
2.338154860161104853e+00
-2.950193136333625343e-01
-5.159224656531621322e-01
-7.327657035987442669e-01
-4.901108641962741430e-01
-3.613222022092711372e-01
-1.205304194226812564e+00
-1.044138560034566954e+00
-5.956564043511146656e-01
-7.142217637885757142e-01
-2.055167600173958831e-01
1.484943323950241867e+00
-4.648656801068539735e-01
6.531936408877261346e-01
3.233273834821642073e-02
1.937331317659636010e-01
2.625622537447832805e+00
2.714573322834382463e+00
2.051519313928194421e+00
8.604008400093781095e-01
-4.318415535122036020e-01
-9.372792302923174113e-01
7.462138336270044033e-03
-1.603215493737296660e-01
2.064544143994823777e+00
-9.060375549031263187e-01
-4.235243744839276570e-01
2.274304230944623473e-01
-7.310800669961846632e-01
1.070304910002172427e+00
-4.543633360140663102e-01
-1.803073527217059213e-01
1.186911400919253429e-01
-2.561731495321455943e-01
-1.941257992187940540e-01
-5.047571988913527319e-01
6.042996049874904685e-01
-4.891502112052096285e-01
-9.310136103742412336e-03
-5.172201327999860210e-01
-9.245710156387794143e-01
-6.563845978840142648e-01
-2.356129030447944750e+00
-3.605527871065270507e-01
-7.679035143543126996e-01
-7.043474146705750449e-01
-1.376114349194948350e+00
-3.753028364036474218e-01
-1.471535475074824184e+00
-6.207006311942483423e-01
1.925435216274651029e-01
1.595339476536524470e-01
1.602565561930516358e+00
3.313876630175194848e-01
-2.998243915697345607e-01
8.316203692830166638e-02
-1.147178762353333825e+00
-9.639798382533797394e-01
6.640730004048395196e-01
1.236532069445511972e+00
4.598452240057689377e-01
6.189745694745006910e-01
2.354774233007872197e-01
2.883280384094228044e+00
1.267014877064628342e+00
9.834255817827064483e-01
-1.731871247657033319e-01
-4.339431890309747297e-01
4.326319791637514567e-01
3.656491154488122342e-01
-1.165478239477770517e+00
2.676253585567606175e-01
-4.335568653029787112e-01
-8.105310526397627724e-01
4.420484207004736765e-01
-2.189823833635075268e+00
-1.134710906673254582e+00
-9.379829568083490887e-01
-3.260664681405285870e-01
1.524946784600050564e-01
-1.233498528798375293e+00
-3.372044396786106485e-02
1.489798460413158443e+00
-1.980520114645931973e-01
9.999105533089959197e-01
-2.640101861317354359e-01
2.224182828888870755e+00
2.500496141668527295e-01
9.426165389323043486e-01
3.097588898250638878e-01
1.856502481459245679e+00
-3.086174172751687261e-01
6.235043526494467026e-01
9.200135433561926757e-01
3.828214675655988719e-01
-2.627792933145626231e-01
-1.168791052095466743e+00
-7.926799737581965988e-02
1.858798384348705035e+00
-3.254917276367079171e-01
-4.307736319453523421e-01
-3.698157285413085082e-01
-4.625611955337698838e-02
-3.407775551286645888e-01
1.004161384673888824e+00
-3.575820595484101028e-01
7.461558872358762251e-01
5.430112642634575826e-01
-1.716123734785087451e-01
-6.433274523836324255e-01
-4.443469854757935988e-01
-2.955194435916959628e-01
-5.147318362152029092e-01
1.202904513506061424e+00
-7.384600751338293856e-01
3.998688574998850859e-03
1.940401992653771668e+00
-2.995973775803730255e-01
-1.176852524788900151e-01
-4.334267200278305032e-01
1.746613023438201850e-01
-4.903197127918340614e-01
-7.621511419381588048e-01
-1.765968108350285115e-01
5.678084712630023650e-02
1.587114571300845434e+00
1.733768015765587922e+00
-4.819902417988425336e-01
1.319474710207775514e+00
-3.135140931517459845e-02
-8.012822008529418838e-01
-2.577065667573805174e-01
3.189621943993119491e-01
1.239053005512687378e+00
-7.378038619533984210e-01
6.793291547314878054e-01
-1.087160794086602378e+00
7.023441857581292913e-01
1.614415493800941681e-01
-1.310615250596161685e+00
1.254022680434807802e+00
-7.070974054171018652e-01
4.816301773244883178e-01
-1.110276566865322945e+00
8.409831564141281302e-01
-1.149663365863472508e+00
-6.730439597990647282e-01
-8.532552233887779058e-01
5.244738235283871730e-02
-5.373455210048998926e-02
9.449073260071685354e-01
-6.139000956313499513e-01
-1.489072767670250597e-01
-6.736792012225346730e-03
9.371497591961580609e-01
3.574190027920677859e-01
1.422416260654340847e-01
-1.370382794762890599e+00
-6.840118762876876701e-01
4.776661861146410011e-03
-1.461807655226907976e-01
6.745697398616436191e-02
-8.128479065976517148e-01
1.169447695965264433e+00
5.678181524777198286e-01
4.308400899501433901e-01
7.519033597029928240e-02
-6.802337925165908850e-01
3.052742832916995330e-01
-6.357184900945285211e-01
-7.969748549910795621e-01
-8.183014053650200514e-01
1.038282125168301651e+00
-3.699401095281151797e-01
9.444902437467578293e-02
-3.130352908519132282e-01
1.310215731786128712e+00
-1.251877774865295112e-01
1.726034269205187766e+00
-9.634534972805105513e-01
-6.875252826526156991e-01
-1.094817347767367499e+00
-8.589656242806072983e-01
-1.184581771324714067e-01
-9.418033300935398922e-01
-5.333915760327131439e-01
-4.698272038539533790e-01
5.185164572369081737e-02
8.224015524027141755e-01
-1.025086668048596383e+00
8.426364975336984031e-01
-7.422927389423134015e-01
1.939250739263429058e+00
3.242767649315909106e-01
-6.136702003430005714e-02
9.253040517655869435e-01
5.449803778415314159e-01
-3.519419652662487130e-01
8.154552726379350469e-01
1.287671292322398964e+00
5.178001604755668591e-02
9.954452920541748684e-01
-3.102357395842351151e-01
2.767651829534766295e-01
-5.504175305070599933e-01
-3.765450413223681285e-05
4.759359002262035510e-02
-1.475033685811270034e-01
7.217635066562284596e-01
-1.209459006211583421e-01
-6.459620172436644214e-01
-2.283715500549202970e-01
1.399863751867047035e-01
-9.882724909614347686e-01
-3.611564123961140682e-01
-2.604900656419472521e-02
-7.596974245594062536e-01
5.636579966886705595e-01
-1.320750228108635016e-01
8.197667172196168583e-02
1.159734111271972123e+00
-1.183254758472195578e-01
-8.814902178431396340e-01
-1.400587946756057522e-01
2.003274448656202356e-01
-5.120187302800113249e-01
3.881266306924860965e-01
1.077131464460447940e-01
7.010791301279262200e-01
-1.392036514400154079e+00
-2.130237940987323997e-01
7.579718995157206374e-01
2.019492162692389403e+00
1.163061889407837279e+00
6.398254297534138324e-01
1.436105722301541654e+00
9.017587496279364512e-01
2.063009154031721248e+00
2.557801387764853732e-02
7.053954704521931962e-01
-4.605857484208804586e-01
3.605251987243210388e-01
-1.275162459516281377e+00
-2.756373929975943216e-01
2.602495423274199915e+00
1.325766850828999088e-01
-2.766115656398718814e-01
1.491352650709510508e+00
7.042927064388057046e-01
1.195061375365180867e+00
8.356633568796599520e-02
1.170373688869763784e+00
3.661695933103601974e-01
-7.110664443783141220e-01
1.262301654421668529e+00
-5.734074897407424043e-01
8.953299402957163311e-01
1.197328743255083650e+00
2.470387430679300278e-01
-3.824658159814678937e-01
-3.427070207974156069e-01
6.195363186186284565e-01
2.187066676828176570e-01
-4.743970097327832036e-01
7.238728105360535681e-01
-9.476342686410113569e-02
-8.773420584527199528e-01
3.727085147818559596e-01
1.638333306390314492e+00
-5.909757504506212289e-01
-3.245277070100037187e-01
1.284678307538870801e+00
1.564147369608604454e-01
7.134052932609645792e-01
-3.791225396829675520e-01
-6.480833548686473211e-01
-4.202504554466400255e-01
-7.145053579254044551e-02
9.194453149681276471e-01
3.323208306366992604e-01
-1.425678356588050144e-01
1.466344798704279251e+00
5.197545155937330907e-01
3.445177309329949897e-03
9.885518331730739350e-01
-6.602003047925484314e-01
-6.484737351830139884e-01
-6.365582620955083648e-01
-7.837456249476949521e-01
9.691520576274157417e-01
5.987696602677837765e-01
2.084474632565792795e+00
1.086582524781979225e-01
-3.746852931157299005e-02
-9.679809469643536890e-03
6.599051791980039550e-01
5.868233475581955405e-01
-4.852899357590558793e-01
8.926285320466890161e-01
2.226192012666484921e+00
1.195465736321332934e-01
-1.833025907261161269e-01
2.089403465693503215e+00
8.154565474684579707e-01
1.227504842343049019e+00
7.614459582541677207e-01
-8.189513662936543925e-01
