-1.966364099792206277e+00
2.294291482339510413e+00
1.181834055540452733e+00
-1.644748255342438625e+00
-1.656228926591432504e+00
-1.748731196934491861e+00
-1.131827109188090708e+00
-1.609562968843380126e+00
-1.745168706869468789e+00
-1.237932616190065671e+00
-4.545639325093100980e-01
-1.200776037335048896e+00
2.837953931608955038e+00
1.851191908463009517e+00
-6.061783437958571108e-01
1.684534456045525264e-01
8.307006502089034905e-01
2.541214304710317506e-01
2.118808843362448291e-01
-7.068815199780434932e-01
-2.162917225266770480e-02
1.629824235550479394e-01
1.329154316745419576e-02
1.705940364664850495e-01
-7.432771088279620519e-01
1.598262351555571614e-01
-3.948406888989678953e-01
4.925732859388948781e-01
-6.986608391480672586e-02
-1.413478300161598478e+00
9.034195750724458573e-01
-5.330572156549738816e-01
1.198817698494616169e+00
2.516215910271272713e-02
-1.305601045087618095e+00
-1.575122950536116173e+00
1.356359529092880489e+00
-1.208892897764610508e+00
7.971752156549227752e-01
-2.321033795098436103e-01
2.293777863531430150e-01
-3.985672812466757864e-01
1.445142071268083139e+00
2.682712034849142335e-01
1.178070078246011981e-01
-2.981053780442450285e-01
-9.172458808268552088e-01
-1.569758446169627897e+00
1.355059003615424862e+00
1.164748672961598341e+00
-1.750802929149638087e+00
-8.266598286081878744e-01
-6.604872687397379538e-01
-4.326392832343116113e-01
1.464855176150694716e+00
9.269189722944312093e-01
2.584044633443622008e+00
-9.093132048305199167e-01
-6.121091714516626800e-03
7.039075419402275324e-01
5.959153377314416883e-02
-8.749669964682269541e-01
-7.259674850880994956e-01
8.193445364607669923e-01
-3.844448285367276230e-01
-1.956605131192749522e-02
-1.348013075844136432e+00
-1.455843448507165849e+00
2.944939309181949239e-01
-7.696211621294788419e-01
-1.334807356319876126e+00
2.832844931637776842e-01
4.831999772599345211e-01
-2.009995497003421450e-01
5.661072594727654117e-01
4.865089128936617158e-01
2.878891653509476622e-01
8.566010094528155872e-01
-4.746443464950751701e-02
1.115972426571916420e+00
-1.293280185848766882e-02
3.268433276616438676e-01
7.069100272685865383e-01
5.621283047059987270e-01
1.168045997910207801e+00
6.007332844866719590e-01
-6.269262758842714112e-02
-1.373097790852330746e+00
-1.920606283045090124e-01
-6.633050235059061439e-01
8.330401723258503699e-01
1.732175702910548343e-01
-3.343456848318697161e-01
1.302819514206683627e+00
-6.726988237019625450e-01
-5.171161573533996636e-01
-6.514310890220500333e-03
-6.737634458050012487e-01
8.322447728477436746e-01
-7.497771432719319007e-01
1.885263464248693455e-01
4.027556751233281052e-01
1.951484144889144456e+00
-4.221117139576732180e-01
-1.487646796483486356e-01
-6.761947981769379501e-01
1.218338647105369432e+00
1.760241441044005040e+00
8.703551527839269442e-01
-7.226499023676101474e-02
-1.161908710486868168e+00
-6.336555159695147488e-01
4.828672091455724069e-02
-5.112670913541479401e-01
-7.332318615395119199e-01
3.165954788323881164e-02
4.032950930665574196e-01
-4.285442947216917542e-01
-1.373338964130743411e+00
1.235791533217265314e+00
2.452949391580001581e-01
-1.407268620410704607e-01
-2.160581969112657097e-01
1.635636554081522531e+00
-1.066116135138906323e-01
-7.209847497825734308e-01
-6.277699570006040064e-01
5.948483908708985801e-01
3.714443205431444683e-01
-9.558306158310614364e-01
-9.552430176991858479e-01
1.188790312056380527e+00
2.133438088702173108e+00
3.994755267128920484e-01
1.281145849737836073e+00
2.875027407214880260e+00
-1.318342550274123504e+00
-1.379832334949683936e+00
-1.298626331725272864e+00
-1.429516017538460027e+00
-5.444530813201315933e-01
-1.492513117145780388e+00
-1.434924831647997667e+00
-8.045185356035361446e-01
-1.545319250627156027e+00
-5.424409323117092008e-01
-2.581119977618848149e-01
1.171872438245368797e-01
-1.037483855930407151e+00
-1.043749206729051693e+00
-5.633396434406670039e-01
-1.395574521143160718e+00
-1.385746194603745929e+00
-8.080607265372118375e-01
1.110428588045884180e+00
-1.383930063844557967e+00
-1.178171431920282730e+00
-1.351237063861445986e-01
-1.001555154541847292e+00
-9.995077294733883955e-01
-1.664000800042648498e+00
-1.621456543296905251e-01
5.735387583602353789e-01
-1.236247324274833970e+00
1.894636177675697863e-01
-1.259873815116924867e+00
-1.419923930618292029e+00
-7.689294840050583391e-01
-1.270922005240106012e+00
-1.571154897654566396e+00
-1.680247366463292868e+00
-1.229654820350375877e+00
-1.071272085580051714e+00
-1.377635779527436877e-01
5.813306564537339405e-01
-9.046452027203889801e-02
-3.999726572966730842e-01
-1.449479567445695061e+00
-1.281443071846694481e+00
-1.290282179986273203e-01
-1.806071114057054006e-01
-7.905730835735064188e-02
3.564334849753144630e-01
3.068143233155059546e-01
1.342656966711138100e+00
4.094930488402408475e-01
2.238383491335837583e+00
-3.310309364618075900e-01
-8.569110563699304794e-01
-2.903776265502468479e-01
-1.313231421124326115e+00
-3.126122006698456857e-01
-1.382958377115557802e+00
-5.564064955829124415e-01
-1.245165109398487235e+00
-1.522383524890263962e+00
-1.718378149648897013e+00
-1.613340061824915184e+00
-1.395676141135300696e+00
-1.329316884310023594e+00
-1.026167972283935859e+00
-1.550062376733774228e+00
-7.435274730089229678e-01
3.115516756521756747e-01
1.083524871112608645e+00
3.578896333064938290e-02
1.305344028566479908e+00
1.175419566017341433e+00
-5.952604877198448552e-01
8.564004642867682759e-02
4.242498856619705827e-01
2.166908057810549293e-01
-1.431445728781409965e+00
8.957884262047015600e-01
-6.074975633364352312e-01
-9.542820274186740725e-01
-6.572866473189188652e-02
-1.713951776909245606e+00
-5.833829814416316983e-01
3.838788339661192931e-03
4.605016463955549644e-01
-1.051164168401450327e+00
-1.682736368953478667e+00
-1.265036934526563073e+00
-1.701685438933699113e-01
-4.537387855389438673e-01
1.829278574332393381e+00
-1.102703431391172550e+00
1.865933437250622440e+00
7.651488132342670889e-02
1.303677217168139422e-03
1.020290411428415728e-01
-6.654094836055279849e-01
7.107385157174990475e-02
4.518976805778374128e-01
-1.044742415170318572e-01
1.486836669166485825e+00
6.236963827834099972e-01
-1.141690834226696705e+00
3.161858524257206704e-01
-1.081190740001085893e-01
1.101643548322514210e+00
1.226563343005060647e+00
-1.655799206065403373e-01
-2.775052787613425664e-01
-9.513503951273126757e-01
-4.289736510383341250e-01
1.203331343050376923e+00
1.456914217393781241e+00
-8.063765042833616059e-01
2.863357734578776181e+00
3.587772286899129970e+00
3.882343322337335478e-01
-2.840060071732170011e-01
-1.889110106265939198e-02
-4.974032693139897598e-01
-2.321383568784350995e-02
-4.541274303861184830e-02
1.371718258530438384e+00
3.918037356176867214e-01
-4.121678922993078364e-01
-7.192168565487245813e-01
1.990728948182023395e-01
-1.124996322331085041e+00
-1.477254992704266190e+00
1.302376126396445066e+00
-6.412653936205713334e-01
-1.393893545102143028e+00
-1.154600921094452115e+00
6.119977513033780792e-01
3.598883741317674412e-01
3.986537465099988520e-01
6.871107777546363593e-01
9.655299632258470544e-01
-2.345128835903915743e-01
-6.170504951923095893e-01
-4.662525727910123430e-01
-8.985357195807598396e-01
-2.165221623825913377e-01
1.032460448603110592e+00
1.394950973604301425e-01
4.011778236500941897e-01
9.501552574179054911e-02
8.948866532623163117e-01
1.364884795473392476e+00
1.845519952337602021e-01
-3.056976328469664939e-01
1.309315963208361078e+00
1.269986575809597396e+00
4.905516236418422382e-01
-1.891228413701168121e-02
4.616216713515575165e-01
1.245050211979895183e+00
-8.745728409261828151e-01
-1.105429975157414674e-01
5.320058296448316737e-01
-2.003420937302851368e-01
3.139045034080627516e-01
-4.494031265953283283e-01
-6.571929434909572210e-02
7.220575378006086620e-01
-1.038896434281466608e+00
1.284101996855660621e+00
7.845045590665914448e-01
5.748393097424286946e-01
-4.813627579238549115e-01
1.915880935253207185e-01
-2.821576219679748365e-01
-3.489977621990656420e-01
2.185853334652320679e-01
3.335038539276179992e-01
4.434688389294992872e-01
4.276487247229196487e-01
1.050277240550645530e+00
2.118501315858717149e+00
1.147932980436545458e+00
-4.772795994679684961e-01
-5.785974526194794798e-01
6.532196852116687324e-01
-8.870560343339498610e-01
-1.136840533836104061e+00
4.626331844733183596e-01
3.589975735122321598e-01
5.514970893083775971e-01
8.773180535824931514e-01
2.123371323636801478e+00
-3.497989946042582288e-01
7.765749534036600066e-01
5.696001904050821199e-03
5.060918960989501114e-01
-3.310831224256725602e-01
-6.238008054060750762e-02
4.013954933725364382e-01
1.403296703785370525e-01
-1.190173354280634088e+00
-1.316503992525846600e+00
5.051043463588651417e-01
-1.028997498288229728e+00
-9.646132762291740326e-01
2.044158643497960837e-01
-1.194587723726745265e+00
1.486700839118436646e+00
-1.585329315354985669e+00
5.116471458335981604e-01
1.192152682073457093e-01
4.937394787296462417e-01
-7.142972633897886059e-01
1.423541404490399342e+00
6.219115845868720127e-01
7.049504835863278362e-01
2.533362374412064244e-01
-2.916091018691034931e-01
-5.115211405645896381e-01
-6.714452033225221106e-01
4.688183466677543487e-01
1.955648920459201578e+00
5.045108382756996468e-01
4.063643726165098169e-01
-3.591860477672064178e-01
7.023428514880817319e-01
-1.466631685511643468e+00
3.869643671897913806e-01
-1.027726565641802203e+00
2.789694464711958144e+00
-1.082610240174545879e+00
-1.249705974323871649e+00
2.568414441855514374e-01
-1.302587397797567270e+00
-1.707818290486107449e+00
-8.778499201055954826e-01
-3.362567677239688413e-01
-5.047395995680902248e-01
-1.204056240240145348e+00
-3.375964085979111240e-01
-8.674667497126284932e-01
7.235976740985737843e-01
4.288331585251249911e-01
-8.085982897754060428e-01
-7.709472325815721616e-01
-3.412771518585308028e-01
1.500515047334332053e+00
1.763830581125437058e-01
-8.751488641584073691e-02
6.507657528894023047e-01
-7.005378121373070366e-01
-4.195591320027141635e-01
-1.304785204955788869e+00
1.548167755004800306e+00
-2.748252379656052069e-01
-1.084602558207086842e+00
-3.915910752647717152e-01
-4.204360683074829241e-01
2.919185897360608919e-02
-8.041687780995476764e-01
-1.443200725021613007e+00
-1.550249403908294132e+00
7.375075770053335367e-01
-5.673055672693919638e-01
-1.146709849372450130e+00
7.024025697783992106e-01
-1.184915685619240655e+00
-1.086927064998973291e+00
2.502027820534765690e-01
1.214595244090278747e+00
-8.039848575313530976e-02
8.581268935572674561e-01
2.026484143465868693e-01
-6.061546380111365595e-01
3.215345022757433169e-01
6.626220464980973057e-01
-1.207164688863483715e+00
-9.556817374144878086e-01
7.594541799023596385e-01
-9.567752938270056573e-01
-1.394921826080290694e+00
6.544528746077664660e-01
3.475206110217037292e+00
-6.016519921151136652e-01
-8.484741380402140154e-02
1.376977650092610306e+00
-5.262069257647188358e-01
-1.441599668219802455e+00
2.661591211573020588e-01
-8.812871826156869481e-01
-9.127991653294754704e-01
5.525980105380264851e-01
-9.965169986361811505e-01
2.425456665624083630e-01
-2.718631273171535634e-01
-1.544027737686203272e-01
9.956458569273589701e-03
-1.161063051340110341e+00
5.709561927201665110e-01
4.737895956385619889e-01
1.272699156109514451e+00
-1.139770579948901963e+00
2.065013279299761917e-01
-1.364966297986098365e+00
-1.225377297884524541e+00
-9.316778641136415073e-01
-2.664174732781587340e-01
9.702079745308462844e-01
6.475405120242514467e-01
-2.533060588403732716e-01
1.131938642772904791e+00
4.398062959769712399e-01
-9.296619830119734473e-01
2.318168751978217035e+00
7.060868122340334674e-01
-9.957137141189259522e-01
-8.692115387918492031e-01
9.115234858293626008e-01
-2.107642590880892675e-01
1.522311825330754598e+00
-6.841323012663671488e-01
3.116404297386012434e+00
-1.032654135199931184e-01
-1.073543337091753536e+00
1.192308084501218224e-01
-7.900223224709570502e-01
-4.266578282587754622e-01
4.333159751561594941e-01
-6.258964692861004320e-01
-1.260206573902590499e+00
8.528510280207852734e-01
-1.139721563752398081e+00
-2.416704578287485472e-01
7.522353637118387448e-01
-3.814266678559938284e-01
-1.453012243552738836e+00
5.694792200384408698e-01
-5.969198873311107878e-01
-2.530823267133525123e-01
2.786013421207290675e-01
-1.257645278196623639e+00
4.084569077020469008e-01
-7.997764074669234668e-01
-1.480269519671002287e+00
-1.055299149092425948e+00
1.293212679912689955e+00
6.122003702646737489e-02
-1.398963082433769323e+00
-2.362555845426766998e-01
-1.372510643647111506e+00
-1.580095917665648719e-01
-9.568772707569312974e-01
1.996397104940222933e+00
1.955052326382522854e-01
-1.056679462487764676e+00
-8.939347714536813316e-02
5.061634409336668305e-01
4.436662284073019102e-01
2.598761208609127321e-02
1.151092780799006565e+00
-7.259947649489864041e-01
1.459168533864044992e+00
-6.390903941924306331e-01
2.001561287425259739e+00
3.974658382605811280e-01
1.559685012893870626e+00
9.778097120709853263e-01
4.678192611914919752e-01
-1.665031483722902161e-01
-5.154796449413124870e-01
-9.271522746298169193e-02
3.435094444366814104e-01
-1.068324737228837140e+00
-5.658860180346805269e-01
1.367848834951427284e-01
1.063161598410373943e+00
1.665725904745569697e+00
9.344719263790592922e-01
8.133420234755951439e-01
-1.001591500014807234e+00
-2.505033475904729912e-01
2.836532915557021250e-01
1.367324251944600777e-01
1.400814190643036694e+00
-7.281538535003213575e-01
2.968615944751176738e-01
6.395606926396949499e-01
-1.192598925142285937e+00
7.770017435611303869e-01
2.104586728587113653e-01
7.701495593814920992e-01
-4.722804801596358071e-01
2.232522962804708300e-01
6.625998750833534956e-01
-3.236569318570290954e-01
-2.202892171922189446e-01
1.872166349223008605e-02
4.808807538445672991e-01
-5.051872841385053325e-01
1.366628381461774344e+00
-7.623793581814989340e-01
-5.471778678626654235e-01
1.259468513654313560e+00
6.388883507532107098e-01
5.610609891971135577e-01
-5.089458131467318180e-01
4.225518089162456081e-01
2.571707159972316803e-01
-1.453194358287444587e-01
-6.592987929226398758e-02
9.348702576140348330e-02
-2.460404405763904068e-01
1.370718397481099693e+00
-2.142681531434474651e-01
1.430663819068192177e+00
1.332943707331755157e+00
-3.744886739954871313e-01
-5.738751656359757369e-01
-7.064354322845430856e-01
4.838510022620680084e-01
1.267392123523309655e+00
1.129851423696144108e+00
2.900568869424926532e-01
1.074891591812064728e+00
8.386291074993316164e-01
2.732031723189711769e-01
-4.592305508133373571e-01
7.756580516278369641e-01
6.804255058279130575e-01
3.132834210743349473e-02
3.326852349526016051e-01
7.789597311688907233e-01
-1.829496701865623021e-01
-3.268853646703132609e-01
6.888408089213235996e-01
1.152832378960828436e-01
7.646461569315007312e-01
6.002092638641817191e-01
8.035575594976607228e-01
3.517926054264341462e-01
2.038298982738683485e+00
-1.845303615044078527e-01
7.302729602074530257e-01
5.077336307669126914e-01
9.544087154449140131e-01
2.890309031198670664e-01
2.596135962245152973e-01
8.102719781105001129e-01
1.377243621393076989e+00
1.583698043002240707e+00
5.606917614289029794e-01
-3.276597071898764701e-01
-1.129334018656551253e+00
1.971688397320501496e+00
7.193947773193065665e-02
1.217389737550584439e+00
3.489028580326026585e+00
1.209709577690236681e+00
1.442084215751247900e+00
1.534534744859798128e+00
4.863114825723568457e-01
1.575112180357596925e+00
1.686429455060892035e+00
-1.749172886739772947e-01
1.080768031628661918e-01
