-3.016046956010274283e+00
-7.495358824006052023e-01
-1.216879371235641161e+00
-1.330825648990155319e+00
-1.619016950193843618e+00
-1.843793477557000626e+00
-1.009702285812492661e+00
-2.211383121249217876e+00
-8.025357816868750049e-01
-8.765538675953709058e-01
-6.104103761108284898e-01
-5.467306159269863519e-01
5.214664433877280736e-02
-1.050999814372774566e+00
-1.059188289918677084e+00
4.817351708800511889e-01
4.502535823386735747e-01
4.087884670771400608e-01
4.402971742927627719e-01
5.999860776653201944e-01
8.868663645082359714e-01
1.089757719740167968e-01
4.753530990509876042e-01
-3.152362058301529379e-01
-1.260040677939618492e+00
8.948060714890783141e-01
-1.756193348662581366e-01
6.040372419908556223e-01
3.376300661109066237e-01
-1.208527180805680556e+00
1.482528877990361593e+00
7.451362038049440528e-01
1.555410428716624827e-02
5.766588344280134670e-01
-1.011948481170935610e+00
-1.500340359864556605e+00
6.488572999293341637e-01
-5.042824833318743094e-01
2.488458079643828258e-01
1.043871042534442600e-01
1.608095182254663635e+00
3.623759475989244971e-01
3.684252322822851866e-01
2.197548534433982625e-01
7.280136949973602112e-02
9.051593837388992592e-01
-8.218623444474734141e-01
-2.190224525671105038e+00
1.188892382755264876e+00
1.669585051247232776e+00
-1.666386572309679570e+00
-4.312356779805521789e-01
2.345484685753375723e-02
1.311258018520432278e-01
5.702929937503575797e-01
9.470986373019994742e-02
3.097894256157063264e-01
-3.329899598144938494e-02
1.479794091043262760e-01
1.296666900523410826e+00
1.220017082738559105e-01
-1.046710983120543448e+00
5.222320810342969549e-02
7.790845758649092012e-01
7.612954154248555705e-01
-4.375702478196066836e-01
-1.067433070206339707e+00
-1.042958491116473402e-01
1.664243581877961065e+00
-5.899560167417677858e-01
-2.240999344654491576e+00
1.225520185909387605e+00
1.393409810183204867e+00
1.034513433491406342e+00
6.391345668046447548e-01
9.629683114074679695e-01
4.551909833890874779e-01
1.559535471186742406e+00
1.447898396005879773e+00
6.672773299210313924e-01
1.403453581092831248e+00
9.837044876331447751e-01
1.584660882457555431e+00
1.086185421182482402e+00
1.321810470367283052e+00
1.028402998861348117e+00
3.454010421498459049e-01
1.758413841819019552e-01
2.167725442107661105e-01
6.661781739278882508e-02
4.954811921285933174e-01
1.116202213144088740e+00
2.466219465207041939e+00
1.096494804232999609e+00
-2.805374500277864683e-02
4.445692465117022096e-01
2.357840578946023502e+00
9.008530874512544750e-01
2.256554148485541145e+00
-2.265735755197967327e-01
7.849467530514759872e-01
7.750368865247376782e-01
1.320556520117392552e+00
6.625360833248552517e-01
1.104442159604342028e-01
-5.436422301072875163e-01
1.366407945354067843e+00
6.971569840439969523e-01
5.340296542171457661e-01
6.447159351028108887e-01
-5.424851134369387262e-01
3.091539663122968573e-01
-6.633330221971146523e-01
-7.866009691607892540e-01
-7.543820521505352206e-01
-1.725173781643119630e+00
9.342790324971269600e-01
4.184697925258755724e-01
-1.547695795037357769e+00
9.558167658054405047e-01
3.691029710253812546e-01
-1.124497443267581387e-01
-6.793285728432624238e-01
5.443460602697046680e-01
9.729562797553107378e-01
-1.330609524969925683e+00
-8.493816252613889395e-01
1.054649242126590947e+00
1.080192234798976747e+00
-1.382281980121234710e+00
-5.564803921569840828e-01
7.364057572473448054e-01
5.206846856444238281e-01
-6.063860134130195645e-01
-4.017289607853545275e-01
4.138390316267464564e-01
-3.199800588387802791e-01
-1.347814000568997583e+00
-1.696507514036375452e+00
-1.222791283277848473e+00
-1.460171188866088654e+00
-2.386964342695170327e+00
-8.521353650979147654e-01
-4.450534624205038092e-01
-1.499608939421203102e+00
-2.406475822239824425e-01
-9.263567070055592767e-01
1.818861410746347163e-01
-1.065308897443575598e+00
-1.570482668101778723e+00
-4.236340802026482000e-01
-9.079712875033832953e-01
-1.431457721604197930e+00
-7.753510504383674951e-01
5.319064022006597670e-01
-2.278642016083075816e+00
-9.672121231029894295e-01
7.382446412667594826e-01
-9.181738973593017716e-01
-1.431177126063463589e+00
-1.908414714639119270e+00
-1.530067977018332526e+00
4.503626929182146660e-02
-8.150065208165292452e-01
7.884274271416851221e-01
-6.170887100510245027e-01
-7.610139104031555801e-01
-9.063456263426291626e-01
-1.011270773772443343e+00
-1.286580268548307648e+00
-1.204973189659124255e-01
-1.165466340527542721e+00
-4.325804854503629282e-01
-1.795215255184450243e+00
-1.190643982927876765e+00
-1.261400017733215861e+00
-2.368158344902095147e-01
-6.705642544604121236e-01
-7.143214413812720709e-01
-4.499642889524055889e-01
4.517053115227909754e-01
1.821776785401756082e-01
4.424841431462873120e-01
1.579754419696584478e+00
-4.720747700547589520e-02
5.407315767137289564e-01
1.834641278669297604e+00
2.403498589103258143e-01
-2.974106112051788653e-03
1.125098167877239819e+00
-1.618265341853703632e+00
-9.987882776759868797e-01
-1.940147343872045127e+00
-7.266415510355489493e-01
-2.565893569510270034e+00
-1.474423087242451968e+00
-9.315710111215250722e-01
-1.100510142190227247e+00
-2.601294524691590837e-01
3.226183847904932900e-02
-1.012420593982361616e-01
-1.567639116339050398e+00
-1.405124866058107935e+00
-5.402713054973670159e-01
2.129671069046625009e-01
5.972978741121304225e-01
6.366604196937841742e-01
3.806016655991475983e-01
3.162487343729904476e-01
6.072078810497727464e-01
-2.852767643254334184e-01
6.498169072728637863e-01
-1.221308040683730001e+00
1.441203377619237058e-01
-1.078222195195119415e+00
4.432025967301012059e-01
5.753570337380248256e-01
-6.176529654039081274e-01
-4.578834148639133184e-01
1.301463766406528277e+00
5.749291591061965745e-01
-7.330720831973437379e-01
-2.263252301558567936e+00
-2.331718985344135575e+00
2.738138494176718951e-01
-1.064624833801003367e+00
-4.453838594040760435e-01
-4.912776444050102609e-01
1.502064580889260981e+00
1.480228265965436718e-01
-6.981033081630029224e-01
4.713206009419568243e-02
-1.383472553207232281e-02
-4.943292380365613137e-02
2.593524690927146992e-01
-3.588846146547067933e-02
-5.987562919134895023e-02
2.495189809788321833e-01
4.767822852786143262e-01
1.805884220467199597e-01
9.348930824053334199e-01
1.693850861956218701e-01
1.195026580909651193e+00
-1.592639588557402675e-01
2.525571941299508683e-01
-8.677546146458736676e-02
-3.663424337703521938e-01
3.072949453627984995e-01
6.896900318869643443e-02
-4.780471753070625329e-01
1.655847815862287575e+00
8.874013950661012728e-01
2.812782438330719281e-01
1.008027167577379535e+00
3.130786098466695200e-01
-1.517077233382470858e-01
-5.843363556327408892e-01
1.948467219775271986e-01
9.818095321807128462e-02
1.614781011571795044e-01
-1.283149636778004421e+00
-5.660791045399772292e-01
3.004020948781888634e-01
-9.033253439627476622e-01
-1.390962919331382386e+00
7.849058968195317121e-01
2.158777282378611939e-01
-8.706095069980744894e-01
-1.064718758395790443e+00
9.782956352611626993e-02
7.951555609456996132e-01
6.428944022765866739e-01
6.863891151625963749e-01
8.419569158437060219e-01
1.145363892813430762e-01
5.677371219841036432e-01
1.251999137222485105e-02
5.382821538035489212e-02
1.288595607626351891e-01
7.161193233118864354e-01
5.530976806847195393e-01
7.357524562446254857e-01
7.144505311438154038e-01
9.807044830316354878e-01
3.320227390552806801e-01
-3.272954789376035234e-01
-5.073962111529142227e-01
4.406398220439902702e-01
-2.183633074585447920e-01
-4.850227499822549332e-02
1.513583410705011234e+00
1.530654568568551310e+00
3.686582436208309388e-01
-9.578318735970512421e-01
-5.697613043857772119e-01
3.889691695021222917e-01
-3.591189542220351583e-01
-5.532065728954790318e-01
-7.805187962878562535e-01
1.265973339793788066e-01
8.665164701433772931e-01
-3.824997094179462542e-01
1.272811509957407994e+00
1.189660580235646137e+00
3.816266483066848569e-01
-1.662455912637228750e-01
-2.749873340642301489e-01
1.159185852017828422e+00
2.383737482098689797e-01
1.636284748762278918e-01
8.384980721469171838e-01
6.789656537467535502e-01
1.170708522511130001e+00
4.667905664365576968e-01
6.892120937874864905e-01
1.551305772003528816e+00
-6.226832140791619397e-01
-1.115117527377427864e+00
-8.879900851425726049e-02
-8.138596241838888870e-03
-9.286877501242170041e-01
-7.739019236604292862e-02
-6.227260187185691409e-01
-4.242052188644867550e-01
3.168957294948755443e-01
-1.392906571667319182e-01
-6.110439805340613928e-01
-1.054024777366035615e+00
4.500747102293979895e-01
1.205024322003344084e+00
-9.971863882942527679e-01
-8.046104182494043799e-01
-1.437769882060463189e+00
-3.632946183845737198e-01
-2.612993486760403439e+00
-1.258884265658929635e+00
7.563130423151333270e-02
-1.119154347911360370e+00
-1.015314212515579628e+00
-4.080696552717862358e-01
-1.092569369907045118e+00
3.422456111264406409e-01
-1.269310938109013742e+00
-6.032550027907380708e-01
-4.702038195441243795e-02
3.863688537592090966e-01
-6.499408276199700740e-01
1.227138012745702333e+00
-3.543956963440939023e-01
4.523387359776147032e-01
1.144868995935163447e+00
-5.373810261294895696e-01
-2.804553055763372438e-01
7.615816643467122615e-01
-3.841315522131565352e-01
2.148602181427860636e+00
1.212122244266873317e+00
6.114273738489753862e-01
-1.111782161350490933e-01
-3.769210831125120453e-01
-1.036544350615645760e+00
-1.081736892150848339e+00
-4.935834423966405926e-01
-5.381131881755826102e-02
-9.436868443002440765e-01
-1.079075856651607213e+00
-2.501955673518690970e-02
-2.542751162492091765e+00
-1.518463272377730711e+00
-1.278106449615381113e+00
-2.881940989167219858e-01
5.184210752573917835e-01
-1.379558096238166831e+00
3.478858421494665509e-01
7.460091021516737086e-01
-3.807924569388470570e-01
9.791737592700519022e-01
-8.572911325328812504e-01
7.048325047229306861e-01
-3.609323287212946596e-01
1.803734701512480776e-01
8.443489488908202389e-01
-2.010876514454495168e-01
-7.132020954103589494e-01
-6.255439025990319202e-01
4.935417638848516031e-02
-6.271695869287335912e-01
-9.264576081154229925e-02
-1.351598199421429669e+00
-8.488670085532495913e-01
6.371028705032754091e-01
-9.281603794305354205e-01
3.872574996464510089e-01
-5.137368468419546419e-01
-5.461869847071746387e-01
-7.304193242697376576e-01
-9.061824722293746470e-01
-5.217613644367690151e-01
1.837106008136416835e-01
1.556695330114632236e+00
-9.164491195215812569e-01
-6.133119705846462599e-01
4.239098279440567940e-01
3.757987269527069962e-01
1.024923870398943171e+00
3.150494559596206945e-01
-7.122418326745835193e-01
-6.093099802466560577e-01
2.600830669060642461e-02
1.061669466541391715e+00
1.857167534322031466e-01
-8.265347179232578334e-01
-4.585297459686647481e-01
-6.894916987225414573e-01
-1.052818523097216685e+00
-3.915101204487284048e-01
5.175627754802686331e-01
1.529791251478713199e-01
5.898859650409175037e-01
-1.086374373280807326e-01
8.091001471527924371e-01
5.187986197545334521e-01
-6.489461495740193042e-01
-3.199722002009883215e-01
4.165611640416806427e-01
7.749132239887824847e-01
-6.249132437944179275e-01
-3.014097389935725957e-01
-1.011940950686775365e+00
2.895586485892781003e-01
3.875834115471218921e-01
-9.575864743805446722e-01
1.085600161494424176e+00
-1.027932794259780236e+00
1.126592174365891763e+00
-1.556471568319664156e+00
1.554147234851406545e-01
-1.652489383452936167e+00
-8.012191254467406765e-01
-9.982390555599941484e-01
-4.911822729975305890e-01
5.785813521991366448e-01
9.531158910785419991e-01
5.907396630920308533e-01
-6.091088439632778156e-02
7.782128972283670898e-02
-4.872537880849767689e-01
1.447004029028749805e+00
7.472269677751671724e-01
-5.672413727941671979e-01
-3.004830493068208486e-01
2.343534758278575936e-01
-8.365893286422833031e-01
1.338593863300603148e+00
-9.703983785029381970e-01
1.085300797094170822e+00
-5.339489194135732530e-01
-8.420696458653748051e-01
5.161099475419139021e-02
-5.515255222363366627e-01
5.266163516758221030e-01
6.637441228569982421e-01
4.545868561190650331e-02
-8.313179572351784286e-01
9.529897078828066803e-01
2.658111999268682468e-01
4.848741534145478149e-01
-5.391648480844922764e-01
3.859995328204606779e-01
-8.324602844242775523e-01
4.307921011870261552e-01
-7.934577923822692114e-01
-1.801311796424462652e-01
-1.265785078571493860e-01
-1.155964885904764872e+00
1.555522580526726983e-01
-2.953782409778748508e-01
-9.161035193929176756e-01
-4.227606515201402099e-02
7.519205023169209801e-01
3.050939977587120988e-01
-8.569683006345084619e-01
3.325808774029685999e-01
-8.797790144589366923e-01
5.157521357057751610e-01
2.412111294368291248e-01
9.201064437521070394e-01
8.629832255940991237e-01
6.674209803701604271e-02
-6.219339997536862397e-01
4.251022984511668157e-01
5.820738881336403603e-01
6.030929140434850844e-01
6.076101847684455270e-01
-4.512022963798068553e-01
8.560341405534103165e-01
-5.039049542665234860e-01
1.576607643548936011e+00
1.362088646368271982e+00
4.067641595765754126e-01
1.288831387367811443e+00
1.503587603737415179e-01
-5.799921756597387068e-01
-4.538621372602754112e-01
-3.542056096678864452e-01
-2.277650964204210038e-01
-1.118838601324956272e+00
-5.592572332174836625e-01
6.999738781313823432e-01
-2.301939777492960013e-02
-6.091089513566038116e-01
8.889831925362852161e-01
4.431004124262150068e-01
-2.047608867361919993e-01
1.903404614516532867e-01
4.033108957151052554e-01
3.874352480159937162e-01
4.646966676584834421e-01
-1.820493685233286543e-02
-2.933071955822900145e-01
5.446769386277139358e-02
-5.228549044205497154e-01
2.276652184176974070e-01
3.364754795468228310e-01
1.443300691641050015e+00
1.132901815401348822e+00
5.208556797066710153e-01
1.053616592576515743e+00
1.177872308576004334e+00
5.493443273194339449e-01
9.392208233289207620e-01
1.059593865773538646e+00
5.662582081668923739e-02
6.591042163328307835e-01
-4.965189772780964073e-01
-1.961256228242180821e-01
3.031503553258272365e-01
1.366234661670175654e-01
2.551086904260155830e-01
6.138218648557560719e-01
7.448533522330045287e-01
5.852367963678863916e-01
4.254818949735904021e-01
-9.377083152137466460e-02
1.219303536246242770e+00
-7.933868873198620664e-01
3.382012099047608800e-01
-1.671898461515840262e-01
1.550538725907921078e+00
5.877663539689556016e-01
7.643688704867140915e-01
2.202987344317959284e-01
-7.899294078729743318e-02
3.706032383187502499e-01
3.329150599137204458e-01
5.221517616130489925e-01
6.027583427983226327e-01
3.053193556485465088e-01
1.217807234444320957e-01
7.655209046444984011e-01
5.750152679972749814e-01
1.060433227817558083e-01
2.037822684112166327e-01
5.100588504400292988e-01
2.708004147572235509e-01
3.685733674336995058e-01
-4.068491926833190941e-01
-9.410702864464396411e-01
3.839911232529681917e-01
-3.792447779859098311e-01
9.493694944021083826e-01
1.572125774478675853e+00
-3.222371739662507895e-01
1.539239176451661306e+00
3.906122139847617025e-01
9.917365199572306667e-01
2.953356143811589618e-01
2.798047480503121354e-01
5.320305236014281070e-01
-1.526438856717296511e-01
1.135337358334145508e+00
5.199626226396808493e-01
3.954549309763537579e-01
1.355210418888594726e+00
5.011744354814120506e-01
-8.061051978350952663e-02
-5.270188621208944380e-01
1.104682467800177648e+00
5.220748547336770962e-01
1.541777889886874198e-01
1.604884112810903263e+00
1.977771954012781164e+00
-6.660806534317272043e-02
4.102020011411087741e-01
1.090865182777346787e+00
1.391087834715143856e+00
1.080460815230559701e+00
4.781505943710714912e-01
-2.403261198263822174e-01
