1.990898165863907721e-01
2.786468276793855336e-01
4.156188688735543146e-01
1.522643803431932563e-01
1.643088577659910787e-01
1.636829292307277195e-01
2.452297266472133752e-01
1.596801602229531991e-01
1.249485934231393397e-01
9.854391582322723220e-02
1.563782403460200476e-01
7.851016884482099611e-02
1.523915895977417390e-01
2.742220434129069573e-01
1.551119890806878510e-01
1.629354818264028004e-01
3.363147244284864223e-01
9.260190573122697999e-02
1.580348545903285384e-01
3.014454487694386287e-01
1.436818314748036229e-01
1.707820177417077034e-01
1.452665457681593109e-01
2.124136301147369343e-01
9.879966840627360525e-02
4.298000175247428944e-01
8.599488782976874579e-02
1.164032828914766948e-01
2.206350092780674232e-01
1.989107499856682948e-01
1.482842477092361222e-01
1.824389682212651520e-01
2.357224429299291102e-01
1.759026118671063454e-01
1.322198418293796807e-01
2.923069724301152750e-01
3.105493622848840007e-01
6.334327002507651461e-01
2.240204217221482830e-01
2.182100360111777493e-01
1.383609742744107696e-01
2.971919166181088978e-01
4.658640420262444848e-01
1.345504836289738160e-01
1.544953957248599297e-01
3.010286703338994063e-01
1.294625247180242467e-01
4.053504781104280696e-01
1.690260537126019591e-01
2.374427738956089162e-01
1.413219625358728138e-01
3.537742240217988110e-01
2.514987732965447975e-01
1.900531707030496398e-01
4.649130928990758416e-01
2.608874484148526185e-01
1.224801146997480245e-01
1.767155120588957129e-01
1.849066250313053383e-01
1.245345868919564142e-01
1.583344773691036655e-01
1.640459019569988353e-01
1.097267267949685737e-01
3.262118765949134080e-01
2.890696943783053752e-01
2.158701878146160602e-01
2.230689122322884743e-01
4.079137232283521625e-02
1.358056419097648237e-01
1.172769836783684183e-01
1.882758767384798970e-01
2.919950247778144159e-01
1.999564432961438154e-01
1.683007213937852409e-01
1.441069278546894261e-01
3.586896409879299918e-01
1.882572349556705660e-01
2.138106074740347418e-01
5.121285894249081316e-01
2.624084806704105044e-01
1.328093326735494406e-01
2.204088634603400543e-01
1.850423890737561139e-01
4.140947011673910549e-01
3.423845595456584956e-01
1.863774758784882135e-01
1.009035799073169370e-01
1.493884178081838765e-01
2.864782929734330241e-01
2.841932516691084709e-01
2.727218557389449183e-01
1.500891547653857572e-01
1.166506728984938041e-01
2.648132757435362472e-01
1.941886345414761961e-01
2.555654747852316722e-01
5.875894205468490394e-01
2.281878910399700588e-01
1.267650804554461275e-01
1.187307390934946860e-01
3.382513085353361371e-01
3.810968577030566795e-01
1.857303053864005349e-01
1.342400286732447767e-01
1.561554411152314137e-01
1.005206771728034132e-01
1.460674477502198754e-01
3.037519742027286473e-01
1.243951251337125780e-01
2.120898733830324512e-01
1.444219801523038693e-01
2.398424976956553267e-01
1.525398256984350220e-01
2.416512341899419714e-01
1.226512384432860564e-01
1.003964986891980743e-01
1.505263100665727438e-01
2.426279882011740385e-01
2.167758936834936478e-01
3.383621629435006883e-01
2.929971695728487702e-01
8.767625569699351307e-02
1.653636099901802381e-01
1.470892518757083156e-01
3.817984546018023950e-01
2.069188794002841669e-01
1.728887398251675311e-01
1.648705494975576114e-01
2.852695159818154358e-01
1.865181942792496217e-01
2.008195784804870931e-01
2.260310121919938131e-01
5.148677518050458479e-01
1.853908995857082853e-01
1.500266376333769802e-01
2.983686337942133004e-01
1.102462810837825796e-01
1.279247034706604558e-01
1.812442600177987251e-01
1.936002607700120781e-01
6.564126575450243695e-02
3.586517315373990988e-01
9.674098444532171215e-02
7.313328658850928865e-02
1.407108339934877439e-01
2.073355684316608716e-01
1.494916894028922583e-01
1.365954874700823496e-01
9.869931916341782852e-02
1.985392602498085579e-01
1.624880547469907399e-01
7.467503786036376601e-02
1.810145165136112511e-01
2.556325187890776118e-01
2.619819799859461895e-01
2.734885572828683054e-01
1.832037543961000381e-01
2.819157618681522592e-01
1.231698075352891802e-01
9.473066318779321815e-02
1.871800731403549800e-01
1.160793508638232052e-01
1.960431907628538972e-01
1.221845224999734969e-01
1.130674835385322569e-01
1.410266181751158587e-01
2.396375512070398339e-01
5.071737260417082949e-01
1.017464251310696843e-01
1.443777412553359507e-01
1.513637054594913489e-01
1.153732283193022734e-01
1.779832922130457629e-01
7.229905277224224491e-02
3.370096157866104836e-01
1.176509088600661557e-01
1.073029105801754368e-01
1.745600114019391913e-01
1.317902660931625780e-01
2.323222325219339301e-01
2.534801512273033852e-01
2.685514184985858255e-01
1.989888857830837687e-01
2.401478713036022394e-01
1.157879777907133700e-01
1.913309245433190142e-01
1.950932633844010555e-01
2.241418055874999093e-01
1.789505905703721589e-01
1.623145870164528770e-01
2.015433812292883320e-01
2.059075971371586156e-01
2.625827375457354118e-01
1.108868645944054432e-01
4.754924682028405236e-01
1.534546234377057172e-01
2.124046884179708883e-01
6.733274016077048230e-02
1.490903219749681596e-01
1.030819042717318751e-01
1.590992435528341686e-01
1.985951618745132041e-01
2.478621794730291872e-01
2.149142495861028068e-01
1.645917044262441287e-01
3.016650783314164253e-01
1.659467321735719758e-01
2.912140212951486173e-01
1.332426620479719437e-01
1.345087925954122077e-01
3.137626161109659528e-01
3.365459098737367816e-01
6.126085853997936814e-02
2.809037665130980077e-01
6.925561471170411654e-01
3.761889482252095962e-01
2.588988086423181234e-01
8.111010097612575409e-02
1.026502954617941610e-01
3.409527791999932278e-01
4.298266319578417094e-01
1.355876216037447957e-01
3.930281403065673529e-01
3.890723403761401356e-01
1.720468202756622322e-01
1.841066272275103111e-01
1.479801747863608019e-01
2.496520102088484738e-01
1.969695624757565044e-01
1.407043794402439429e-01
3.451859210109777254e-01
1.443182314146531087e-01
3.592462671542452912e-01
3.640533085962378013e-01
2.110913863630464460e-01
2.785937139005738028e-01
2.696909939349824703e-01
3.169161335902203613e-01
2.727904256142428818e-01
1.203240568479414102e-01
4.099889209854357119e-01
2.560696421841021642e-01
1.211358592835145159e-01
1.594931356338054607e-01
4.501362989796621750e-01
2.832019429945222266e-01
1.330723710190963582e-01
3.474428692521505102e-01
1.955289065325263032e-01
1.288343533949348474e-01
1.687932335291946473e-01
1.650701831808342734e-01
1.738055729099166891e-01
5.209408986629462390e-01
1.268981199450184005e-01
1.756779410118215756e-01
2.251552909296933858e-01
2.594035520292746755e-01
2.205494746449502552e-01
2.721021497735333639e-01
1.710340466566019069e-01
2.812857438044680247e-01
1.985498915974270584e-01
9.054606037369848648e-02
3.965515639477861787e-01
1.781448058553220248e-01
1.231206638325779285e-01
2.469502398238047070e-01
2.880666215359328763e-01
2.404687010755814369e-01
2.656810221814115969e-01
1.050037699113123280e-01
4.420934823013283888e-01
2.679801688820287464e-01
2.080650782782232922e-01
1.365194191622973729e-01
2.323161922121858014e-01
2.905538778433860436e-01
1.809892236455045711e-01
1.714347842058673577e-01
1.733993164365696393e-01
2.607235882239290481e-01
9.041929103460905059e-02
4.171959371611808076e-01
1.889121046967882633e-01
4.183241123607245315e-01
3.913695768353359639e-01
3.879859154628088058e-01
1.610341362542947741e-01
2.342038614414104214e-01
2.076020193190674379e-01
1.607112421890399823e-01
1.845426473106853982e-01
2.026375706253324971e-01
2.967486139620543750e-01
2.942824698910807557e-01
1.535069370059264637e-01
2.006496972835097869e-01
2.996070010388965366e-01
1.842222068213426045e-01
2.062757345614376348e-01
1.766831195504137975e-01
1.650717729683527646e-01
1.538314354618622870e-01
3.203515690832463014e-01
2.368061873739145395e-01
4.676833473440453748e-01
1.328992515926148699e-01
1.399287526003890891e-01
1.936292694004624337e-01
4.377223549706405481e-01
3.335272352118289763e-01
3.760001181776867485e-01
2.140622416700812547e-01
2.746234721078821828e-01
3.504754666653681627e-01
1.496631974896918682e-01
3.093253414723896588e-01
1.941534557681457995e-01
2.034314880707235040e-01
2.611701758369637250e-01
4.018354295673985388e-01
3.139800373485430729e-01
1.619542545656885713e-01
2.937246580322360745e-01
3.799675769785754720e-01
2.983008482637147796e-01
1.947791873966239484e-01
1.349235130250307224e-01
1.737028895127803729e-01
2.472867450319883587e-01
5.651859465233717295e-01
1.811986429906001228e-01
1.598711036006271180e-01
5.395991697641066009e-01
4.545241884084582074e-01
2.261046390830520336e-01
3.586281584336681316e-01
8.870134802183055056e-02
1.425779970670761065e-01
5.676626791515139436e-02
1.150159775937458356e-01
1.719550230572750860e-01
2.802884718774517059e-01
1.400151291125919240e-01
1.396178583728840961e-01
1.199328893799253976e-01
1.453329172543939563e-01
1.386460395454025829e-01
1.956792159112129004e-01
3.772766337969524764e-01
1.968373685722160926e-01
1.203669879703881673e-01
4.956942563159149606e-01
3.043496947847375012e-01
2.287293588681166001e-01
2.476268970833476191e-01
3.060160190060996488e-01
3.222468565530643425e-01
7.380616861599517686e-02
8.219051402838355169e-02
1.857625356046393728e-01
1.722284730399537833e-01
2.243373678114546355e-01
2.693399440123321886e-01
8.588766857460566895e-02
3.591836113995636737e-01
4.833534905292635186e-01
1.791853370679311608e-01
1.689314288770831507e-01
4.314036033786031732e-01
1.219659087761869459e-01
1.625816774243371288e-01
2.561621067601573265e-01
2.783054590342332602e-01
1.648062594067817577e-01
1.422891344101932798e-01
1.643573482371625538e-01
2.693714850611007017e-01
1.797008103403802959e-01
1.355533017738607404e-01
2.569512034831661906e-01
1.533417347745614778e-01
3.232805867411043255e-01
3.233047732779462113e-01
1.315283406421010326e-01
9.120365392879942190e-02
1.060592271127371033e-01
1.271416723547379724e-01
1.025509077381176332e-01
1.404466925837173918e-01
2.002204358481676771e-01
1.383719043398242421e-01
2.984795792742980236e-01
9.508377172358674356e-02
9.460810735374788893e-02
1.578482953056661864e-01
9.181750119940713939e-02
1.047518204329428992e-01
2.101978235351981139e-01
1.189560111261763337e-01
1.286905072367939828e-01
1.515481015647605345e-01
1.273761979082474460e-01
2.643255875155096080e-01
2.174838941270748616e-01
5.103579283406208811e-01
1.249081598702519447e-01
2.371014275529874649e-01
4.083379079941090173e-01
1.352731093021875552e-01
6.042538194551810848e-01
2.412094645898476830e-01
1.212915931470782277e-01
1.976763146306242391e-01
1.832051750082997754e-01
1.729460377707349727e-01
3.748415136590568797e-01
3.427216327098966953e-01
1.610658517171654480e-01
4.637542710741275331e-01
7.349570283016929051e-02
2.334990797529613860e-01
9.317082659498393538e-02
1.644716799152657338e-01
1.568753685830771294e-01
1.540285695193727711e-01
1.404146166102464843e-01
9.280052603171298764e-02
3.102055501691483030e-01
3.697358542661323688e-01
1.831300005601514402e-01
1.349071179383731223e-01
1.919931189913005321e-01
1.423226701518165993e-01
1.888542777383844240e-01
1.424559051325762216e-01
8.648710538467997699e-02
2.068175202099238330e-01
9.289433327311012734e-02
1.247597172425464751e-01
4.923716515679687489e-01
8.677408435609938742e-02
2.837199822233685276e-01
1.502163589447192138e-01
2.741454122428141349e-01
3.782304737095326663e-01
2.930946959919251693e-01
3.814092469299149024e-01
1.819725799496190455e-01
2.335052945522942403e-01
1.544342856582128221e-01
1.464652859309637511e-01
1.947055300566880032e-01
1.157913828914516469e-01
1.923078678937889252e-01
1.102120070897027737e-01
2.936033640953042978e-01
1.991483472355101980e-01
2.942054369576412864e-01
1.682056382665114147e-01
3.385520026242405112e-01
2.271477720769627673e-01
3.565136033301327112e-01
3.741170997162185374e-01
2.660136828968904799e-01
2.068956014303811874e-01
3.885914420866324881e-01
2.650765896433761037e-01
1.277790163567483761e-01
1.916093789289381732e-01
1.466291254407164069e-01
2.074730454495765097e-01
1.347938127932313823e-01
9.069827032278787726e-02
2.551484952222655145e-01
2.132802757282774853e-01
1.032900942390723026e-01
8.576469944759271269e-02
1.856660476874904819e-01
1.520104659316143525e-01
2.023777896263427301e-01
2.014635270708083070e-01
2.157013368632856865e-01
2.631306650559755433e-01
2.242749245762468979e-01
1.809719681036473793e-01
2.490754260023387845e-01
1.181262887653323490e-01
2.545154452380034571e-01
1.673630099327227672e-01
9.250906473008377318e-02
1.201090168689265408e-01
1.954099583299019061e-01
1.540767428848598131e-01
2.716342910114059594e-01
8.805503878549693353e-02
1.178125647184422031e-01
3.972715633909482125e-01
1.057837261657081779e-01
2.469717244351581908e-01
2.013081731759862880e-01
1.307162261067880138e-01
1.024521152817656350e-01
1.652494313684681193e-01
5.026411989776147227e-01
2.416912392200215032e-01
2.847863344100064475e-01
1.820032502374793471e-01
1.794591225271939261e-01
2.140513178471883382e-01
2.758367170313497652e-01
2.678866871757068502e-01
3.459522768564637363e-01
1.207345180907681975e-01
1.213872125037468025e-01
1.777071131481233190e-01
3.708910542475828409e-01
3.650188792007905136e-01
4.941571401408811903e-01
2.292160703879382033e-01
2.133270713764651993e-01
1.112506159017147278e-01
1.493160945245294857e-01
2.474096221718914690e-01
1.989730289028839305e-01
2.067124716456640032e-01
2.084635713825219450e-01
1.298120019031862304e-01
1.552790512215730112e-01
4.272776089096219088e-01
3.388112901332171467e-01
2.582775996424861997e-01
1.582615985431366779e-01
1.198060513606878652e-01
4.401273113427264239e-01
1.365557497361360451e-01
6.617958802653410855e-01
1.809469837415612070e-01
2.760502794014755290e-01
2.777805219728867181e-01
2.493823338023977432e-01
3.903573735684321422e-01
1.683512474524734015e-01
1.836476273627785094e-01
4.301451337224433402e-01
2.330601157527759926e-01
2.242903536320103863e-01
3.349149612715410784e-01
1.603234520291388632e-01
2.742454033069617325e-01
3.001110554394900154e-01
2.122543588180104135e-01
2.126649142250990054e-01
3.827018196035044117e-01
2.444119487777295652e-01
1.834581569892995978e-01
2.879878259119687534e-01
1.421049856990344307e-01
2.109606363077746738e-01
2.814226631120144706e-01
4.863232338693033174e-01
1.256529796742342775e-01
3.025192734508814207e-01
1.845890809439472147e-01
2.883691987971983006e-01
4.712624849994543896e-01
3.334241720500893957e-01
2.532530576237382314e-01
3.609818266109652840e-01
1.397931566100071576e-01
1.914137998848167710e-01
2.310832130027886677e-01
3.618110566879600420e-01
2.657575613095061184e-01
2.525305540711456076e-01
1.585060967489917982e-01
1.557098610642161374e-01
1.761907306057295675e-01
1.736825443297528582e-01
1.789620925026225162e-01
2.614502682958251278e-01
1.327720992921831433e-01
2.453704644832846726e-01
3.689401286014914461e-01
1.743927272605390877e-01
4.044714251405142069e-01
4.444772556433019828e-01
9.185718159092015611e-02
1.915943159488006364e-01
1.817460627821350649e-01
1.499177532708838023e-01
4.457711393405895395e-01
2.403100393420599945e-01
2.446948799334886238e-01
3.119967843107365191e-01
3.789845576131290472e-01
1.326119319257220985e-01
4.862488770064948285e-01
