1.383855603826861513e-01
5.344358064439000966e-01
2.282193283401147410e-01
3.497539663383377184e-01
3.311395855161307078e-01
4.612789478588514291e-01
3.705435996834897661e-01
9.698209170584075334e-02
2.255370742184428789e-01
2.500439593923901027e-01
2.758197882649494059e-01
1.609235570982082142e-01
4.486597125375986206e-01
2.899651778106900335e-01
1.840294370912975430e-01
4.456252227133937205e-01
4.077195945008931788e-01
4.136721786029177172e-01
2.864343532066185305e-01
3.498817213709816687e-01
1.692370109672343970e-01
1.815543599717371892e-01
4.723877077009787651e-01
2.263353338998987940e-01
2.611728401212323747e-01
2.192359960547287101e-01
1.795933811640890998e-01
2.015450741383910394e-01
3.676390045554116526e-01
1.798318246132838139e-01
2.165587632149537922e-01
9.092514777196485098e-02
4.655148746191979936e-01
1.652559160287724593e-01
2.654662145041729038e-01
3.463436629428627844e-01
2.446243951139301653e-01
1.503792901085409806e-01
1.941273890415249614e-01
3.158439503356783584e-01
2.784061593585901440e-01
2.744738012911276392e-01
3.053097615190778491e-01
2.763325896720600916e-01
8.086709822874145193e-01
1.355737005478841739e-01
2.181411807147379256e-01
2.389115740233097585e-01
2.889540734136603617e-01
2.742530313956907384e-01
2.279391635322857712e-01
2.670242142182695511e-01
1.773798745556484646e-01
2.615511666223989673e-01
2.807588190043355802e-01
4.092125355795894759e-01
7.007028163101440832e-01
2.414043934550380577e-01
3.133277736416726911e-01
3.166143166420150590e-01
2.517902120747942396e-01
2.552482504298986821e-01
5.846253412622500756e-01
4.089734106343688169e-01
4.354255055841418365e-01
4.886702104822552295e-01
1.774882484652778314e-01
1.213233981938540706e-01
4.222895549619399280e-01
1.846803952376427638e-01
1.857531878642217360e-01
6.981430286504151095e-01
2.488696394832503045e-01
2.758821509900429847e-01
4.927201531454584726e-01
2.453034252222925649e-01
3.655602841324117613e-01
2.064614971276451105e-01
3.170329773304934595e-01
3.081580980200019915e-01
2.204384787940346091e-01
5.567295597480911296e-01
4.939739810647229001e-01
2.996996724814885438e-01
5.033498930881479261e-01
3.526575454082181982e-01
2.161287892663902588e-01
3.489888995574061403e-01
1.676702768073858318e-01
4.699770353503699427e-01
2.074998164369051545e-01
4.188642849714993566e-01
9.256407367653938234e-01
5.380922023901733020e-01
1.853465139550930507e-01
5.234406066064033469e-01
2.209753727002563839e-01
2.652540348222624522e-01
4.948625683394268227e-01
1.979364662642071615e-01
4.812916062220995439e-01
4.226542266396482450e-01
3.741468070578489735e-01
3.937456895362682618e-01
1.910050571517572515e-01
1.409318301668072981e-01
2.230256190336079025e-01
2.701116954918916235e-01
2.735043437614760875e-01
5.279199792560574922e-01
4.705859810043342972e-01
4.003735545860878653e-01
1.876899604963602197e-01
2.955876871719960719e-01
2.274643608880292933e-01
2.498252407744874781e-01
4.213834807626591905e-01
4.859142166043002309e-01
9.625755700293672779e-02
3.354179262516325810e-01
1.527965164742228765e-01
2.109716416485110935e-01
5.010154974626248592e-01
1.722425272576707800e-01
2.357111717370554693e-01
3.544138547847170417e-01
7.036075760374914667e-01
4.161614829439189700e-01
5.329389374207328389e-01
4.560067916175450931e-01
2.917453132701128271e-01
1.932101820615413634e-01
5.071956621867110826e-01
2.343019643038714572e-01
2.272433310126105444e-01
3.033290432297828243e-01
2.305797577498895634e-01
2.317948536857518671e-01
1.475262969995246864e-01
2.829896573794505321e-01
2.449890876577864862e-01
1.584850227491694241e-01
3.413776848310645096e-01
2.638738208252007222e-01
2.584815646007488366e-01
2.033664686969711977e-01
2.864672658184128640e-01
1.274762062278421149e-01
2.580590681913733642e-01
1.066226191352312169e-01
3.796281822318185450e-01
2.540266815244346388e-01
2.627848929349709262e-01
2.186954610128099552e-01
2.701701462552297817e-01
1.144630720244189381e-01
2.564095220440620326e-01
4.729511878467008157e-01
1.681172469994105523e-01
3.419376760249951963e-01
2.309869203907898849e-01
2.979424569803111877e-01
2.754828174662134477e-01
2.770610413354981927e-01
3.685435177511390270e-01
2.869284888132966338e-01
5.820443105781158977e-01
2.440089731760872738e-01
3.003586409893640452e-01
3.269665703659010991e-01
2.795092308789079438e-01
1.994183396277087184e-01
3.228563076749361715e-01
3.752378679307513676e-01
2.759007959481127870e-01
1.907488750693095703e-01
3.187956554912682039e-01
4.983731128244909270e-01
1.244727338952307527e-01
2.361474241441515187e-01
1.492225348537933594e-01
2.234488948527097452e-01
1.730537863898162776e-01
4.747262170551955207e-01
1.915766593827558928e-01
4.649326495232059542e-01
3.127438871709501411e-01
2.379934841101767895e-01
4.188186568882132366e-01
1.225658961966149818e-01
3.265155952582489141e-01
2.579337216221248563e-01
2.324092937379995949e-01
2.947800975882152730e-01
1.275545854292908232e-01
4.658985104543537648e-01
1.877203875991738102e-01
1.803339994040893679e-01
1.355112773854794672e-01
2.304359487752443980e-01
2.985074682771181598e-01
1.902832946282573268e-01
3.288531157249049430e-01
4.220938037901371120e-01
1.945678644829022252e-01
2.780076357570485657e-01
2.684358234691057721e-01
2.045336793469939851e-01
2.209320997222800342e-01
3.468540337829747466e-01
1.802495249552662493e-01
2.400157607792512138e-01
1.417619891088873485e-01
1.696861442483399984e-01
5.587354715605659106e-01
2.846333760856191719e-01
1.633879615727978352e-01
1.439697370217792594e-01
2.317566352260899132e-01
3.227085521603457741e-01
4.611841158819216524e-01
2.299178507754109646e-01
1.713297259178170884e-01
2.247964762474387590e-01
2.995688260295062966e-01
2.344905064336069711e-01
3.837632520212548859e-01
1.736868387345673337e-01
2.659782323199783027e-01
4.014084314136338594e-01
4.042415202922250983e-01
4.417476592525865775e-01
3.609454288636845809e-01
3.580107360568760000e-01
5.769235042289005966e-01
2.797743378482791532e-01
1.247491283755065850e-01
8.987552294012034482e-01
3.238998282659772965e-01
3.001413212977227518e-01
2.743562125687384889e-01
2.023887988393936466e-01
2.914924092328037286e-01
6.215575741707667357e-01
3.606541383086052655e-01
2.661067105770118513e-01
4.376022387291881866e-01
2.509051203603797631e-01
3.603594397483701472e-01
3.774069512374982893e-01
5.853351235071586611e-01
6.541127858900548375e-01
3.110824600409788920e-01
5.529040810133708517e-01
3.572326653788348572e-01
2.624017486219362150e-01
2.518519218334326348e-01
2.459362132398008605e-01
1.495877534039126155e-01
3.783406968103917301e-01
2.719492214078043091e-01
1.510856403476605880e-01
4.458297067511058920e-01
3.502220946790034484e-01
1.970361724982663820e-01
3.461947177383817298e-01
2.562567064548279538e-01
4.550242976221325342e-01
2.600499946320572464e-01
4.544729254360870829e-01
3.348554180031703686e-01
2.196000256629821734e-01
3.844961018416890308e-01
2.764889174375972924e-01
3.283881266374418795e-01
2.829105375024549840e-01
1.560009345328234320e-01
7.091419663435311049e-01
1.855305561636771128e-01
2.393585447824979617e-01
2.231861022895515745e-01
3.748581354127328291e-01
4.534430664759638852e-01
6.703243747918488094e-01
3.134031890940716103e-01
1.785806896063200644e-01
2.692781174857630244e-01
1.543614935356404649e-01
1.459190179419104227e-01
5.284276378873413726e-01
6.959922634903403793e-01
6.101916400711179245e-01
6.248198212528243145e-01
3.383926486233465036e-01
2.867722564750204151e-01
2.856138342854843137e-01
1.514339797229051210e-01
1.527893629667234632e-01
2.593270363484816987e-01
1.610968025423790140e-01
2.244356129864776006e-01
1.324771522699084159e-01
4.648797897590838391e-01
3.035608466475414047e-01
1.610504683436841666e-01
6.055796142856972875e-01
5.147630432261238731e-01
2.397688465069143515e-01
6.369238453854476623e-01
8.465978586992318755e-01
6.304596066039384050e-01
3.087255340286469418e-01
2.179667440015402302e-01
2.094219989163522977e-01
3.573974033715199283e-01
8.326817517134702529e-01
6.220994778351579546e-01
2.589515130973185086e-01
3.544946947509517998e-01
2.633375758414593371e-01
1.676456051683735959e-01
2.674629506611763130e-01
2.338103179582204094e-01
3.904367949599232279e-01
3.766285361154593780e-01
2.916467075356813377e-01
2.248843382478998010e-01
3.005412407572676803e-01
3.572069233574400315e-01
5.054920588388988056e-01
1.856378313852641848e-01
2.795884465105676342e-01
4.311572927724479087e-01
2.560904768960773903e-01
1.494958542750477182e-01
4.778680611151593371e-01
3.005636336070992010e-01
3.567386987815580057e-01
1.380258072461209018e-01
4.154058491125458552e-01
9.536206188266320438e-02
2.605711896087987145e-01
4.572300877693218912e-01
5.555929056134991662e-01
5.127749045506039272e-01
2.338621510013772498e-01
6.270675783914213541e-01
2.461091648106634167e-01
3.092645242051336729e-01
2.694947931408935848e-01
6.395669951207668680e-01
2.511034537036976877e-01
3.757082106529061050e-01
1.625562755321516561e-01
2.351320270440670768e-01
5.609552825701867862e-01
3.364417847141880635e-01
1.792599913497522068e-01
2.891496832003700446e-01
3.540174246736638719e-01
3.182377816608264465e-01
3.814864494444184517e-01
1.253833816497996745e-01
4.301070371945254212e-01
2.252378863345953774e-01
3.244839478755205397e-01
4.931023474829258624e-01
1.923363679960732875e-01
3.001330182475795971e-01
5.504708314530486479e-01
3.026989904002799214e-01
2.276842456655032709e-01
2.314085809364945512e-01
7.024454659038186222e-01
3.973778087224226763e-01
1.790828189585805530e-01
1.558871361857613602e-01
1.354965077114182181e-01
4.871521744136840804e-01
4.016640069511733246e-01
3.420313127638552886e-01
4.896096862498220403e-01
3.502329699622701575e-01
6.569615238237523913e-01
3.273856653819704476e-01
3.532311377673359454e-01
2.121446552771495686e-01
1.968483761768520524e-01
1.701154521383863583e-01
3.726151834104038385e-01
5.167872611745685241e-01
2.232715969701080105e-01
2.147672258990479810e-01
3.907966758713210531e-01
2.410857967292971693e-01
1.444632363310755507e-01
5.506336542654364230e-01
1.611834732826961381e-01
4.656856468205215482e-01
4.226292297253599894e-01
1.963186332718639404e-01
2.558231734968968718e-01
9.902856812121753338e-02
1.848059393716839915e-01
2.870511094927399864e-01
1.832787687153671352e-01
1.843888255262450537e-01
1.876652805757686449e-01
5.968620741688500653e-01
2.344970520572266792e-01
1.445538378975893823e-01
1.208126513584256712e-01
4.103886647719361402e-01
2.985572240059814475e-01
1.903031818292292288e-01
2.818021299982469419e-01
1.456773161805959838e-01
6.119916290577235296e-01
5.280588302898776565e-01
1.757666128680129558e-01
3.916682388606502752e-01
3.336200334966304415e-01
3.631449214754198795e-01
2.594225182276180264e-01
4.132744198904536037e-01
3.162009337335680570e-01
1.559823983816883697e-01
2.996416539657513756e-01
1.932025730794312557e-01
3.692471467771196170e-01
5.794630698107895439e-01
2.429177822305457479e-01
1.967189159061450698e-01
3.196254141527388182e-01
3.200538482253010852e-01
2.459635257481709858e-01
5.903280774598712588e-01
2.516568362895409972e-01
1.162011796466276697e-01
1.573678468076363246e-01
3.584716742232539333e-01
2.197921112546989963e-01
4.824166280664355932e-01
2.889223058348950879e-01
2.311379131357680639e-01
2.192280539560764741e-01
4.296311410794574903e-01
1.978138937694295940e-01
2.070976166473202373e-01
3.209171004081141643e-01
1.575570044764546540e-01
8.399056969731385491e-01
2.958243758043796467e-01
8.537997196550043411e-01
1.885298663427698584e-01
3.975255006066678587e-01
5.149983719569785068e-01
3.944388537543113693e-01
8.492788759386906694e-01
3.848758550048114735e-01
2.305770540487495635e-01
2.977740908664873176e-01
1.610867515724315191e-01
1.889298842346526230e-01
3.684580140036520790e-01
1.778638495311130607e-01
2.147859334470530734e-01
1.972253665332286965e-01
3.578866281181840026e-01
4.319972191385774707e-01
6.582682118526645976e-01
1.652957638661966822e-01
3.388375048469197126e-01
1.894499620266031914e-01
2.139693158829902853e-01
1.219107270256396536e-01
2.312007040504185096e-01
1.394862129694394715e-01
2.750140094807862479e-01
1.896673579331391579e-01
3.388423848223878210e-01
1.647734537784228681e-01
2.795211330176619602e-01
2.163489662387474421e-01
3.859613151396074637e-01
2.986483513331805173e-01
1.853188267203845774e-01
4.904926770288431936e-01
2.490995322163487569e-01
3.140903410779862237e-01
2.145310857273936556e-01
2.667975023883792929e-01
2.300901251648838075e-01
4.520042562961577026e-01
1.768214955515173270e-01
3.271819769370283848e-01
1.247844878097749965e-01
3.076187317455984505e-01
2.163528231807449742e-01
3.306255816261202685e-01
3.865260788498222633e-01
2.096346465622129507e-01
2.551944610175424510e-01
5.292422319441950629e-01
1.758314506495916862e-01
3.876783591407456098e-01
3.499794208604880552e-01
3.246860841191114844e-01
2.736743730373064065e-01
3.059462525839562463e-01
3.451487914233244414e-01
2.053211212204359981e-01
3.598414708464773848e-01
1.530143633315575735e-01
4.819759956799550826e-01
3.763567755613786980e-01
2.421212488904007920e-01
4.054235546569101012e-01
3.898561334655559762e-01
2.891634178367276653e-01
5.686619932344001427e-01
1.838704750294361534e-01
4.010531319177426113e-01
3.734794035371201693e-01
3.476492087943878206e-01
2.481936541478769187e-01
3.439497646412369436e-01
2.996433037088558349e-01
2.396054475841179199e-01
7.126444684650703465e-01
1.745062091652097302e-01
5.164624287626931043e-01
2.874698407281746082e-01
2.895680724745267609e-01
1.165086641131546086e-01
2.949244806103374361e-01
8.657342000645410485e-01
2.206157068112492847e-01
4.838742436724674523e-01
5.695052503014180756e-01
3.649249938483800082e-01
5.665609045225675766e-01
2.474746743412204741e-01
4.462974102754922456e-01
3.489445805614465601e-01
2.880716171232364786e-01
2.580254857930182055e-01
2.912313290976963343e-01
3.241530162087076783e-01
1.859326288633107171e-01
2.516641702961021632e-01
2.388003876155573579e-01
3.831120866701725469e-01
4.552829294203439292e-01
4.144521805197111664e-01
1.778036780641110148e-01
4.551231741842327594e-01
2.395385669172187537e-01
3.255127130515416134e-01
3.875938440335766622e-01
8.995565614749305716e-01
4.101673947837232159e-01
3.045527026324779674e-01
3.077606378502709128e-01
2.678860706805753500e-01
3.242976363432661935e-01
2.503100069137962902e-01
1.664752169490660294e-01
2.821954352391149445e-01
9.183541937257569399e-02
3.467016017420645468e-01
2.060391207848229489e-01
3.253298813845401094e-01
3.414757693323895449e-01
1.866736705460335100e-01
3.360065146468353969e-01
5.526923537081821491e-01
2.555550809743190044e-01
3.938516059042683759e-01
4.696876788281246218e-01
3.892339075940726145e-01
3.602135756174240089e-01
4.215546295655623332e-01
7.110628310727837853e-01
3.600121246935394370e-01
4.401247007259063149e-01
3.292525895928768431e-01
5.892615351506749199e-01
3.324535162761452778e-01
5.372672107188928292e-01
3.636673394190063635e-01
3.526313277994367890e-01
3.694215541638741218e-01
3.737212620245774497e-01
2.525982952605807519e-01
5.859562813060088526e-01
4.991579022324321158e-01
1.799295309930594999e-01
2.874561111953113368e-01
