6.467318405577412999e-02
4.999557074463907291e-01
2.701809059089570475e-01
1.936885313197150849e-01
1.074190011054272087e-01
1.471488777389930169e-01
1.371584898605110736e-01
1.715124683148551987e-01
1.547327415833866793e-01
1.111353550147955727e-01
1.123597434365023462e-01
3.072128322835380176e-01
2.011240434618152828e-01
1.700897383580897426e-01
1.984107493118062171e-01
3.322427119094581438e-01
2.753592086006648731e-01
1.679637841998225523e-01
2.485697624702745967e-01
1.592592884456033031e-01
2.148415299215727936e-01
1.196277535476860665e-01
4.149500367170357307e-01
1.792165372957819636e-01
1.482155521082527405e-01
4.563811769650371608e-01
1.776481895526239307e-01
3.168998282865968519e-01
3.261813624122821276e-01
1.028660965078138784e-01
3.763299859887599963e-01
1.438976575314046269e-01
1.241006021329519038e-01
1.905317799782913768e-01
8.379344487788678575e-02
1.690589236152316432e-01
2.171469275561978551e-01
2.198908061535534697e-01
2.325134768185698197e-01
1.565282086101930370e-01
2.869858385827563918e-01
2.550047029607034332e-01
2.778665689653406212e-01
1.625296496784775502e-01
2.179237808876503535e-01
1.744915416244443573e-01
1.697070562259722359e-01
2.902562832452474373e-01
1.080222270776344251e-01
3.401851749365408795e-01
1.908440463642366303e-01
3.493628590336732564e-01
2.563185905020169408e-01
1.849296457394773441e-01
1.592526178871589426e-01
1.151009690839746025e-01
2.082604522124266722e-01
1.015564112296843818e-01
2.388910922893465461e-01
2.080688172915340084e-01
2.023812014026175887e-01
1.065584590351850991e-01
1.119840840544562843e-01
1.652754868222696960e-01
2.122410774226358432e-01
4.049055028668707146e-01
1.580826913158345781e-01
1.086656889266468251e-01
1.286165472469500137e-01
1.181942461223120244e-01
7.584957553327079105e-02
1.165936854898214359e-01
1.716969999062832319e-01
2.200695043749684165e-01
1.860948069596849996e-01
1.834720017590237839e-01
2.863960209204202689e-01
2.404641431490931458e-01
1.955968498877858341e-01
1.863013625825177821e-01
2.367705724057464767e-01
1.264100870608490246e-01
1.803355294335839687e-01
1.500396041336533592e-01
2.188803441359900570e-01
1.229497762751940448e-01
1.453278192409871994e-01
1.578004117781112436e-01
1.952779435532306929e-01
1.903237370967264530e-01
1.614334495876346698e-01
1.842688649675221502e-01
1.049970460140101786e-01
1.651594560784437060e-01
2.031138670606972285e-01
1.089893814763265995e-01
1.094142061984552661e-01
1.117624018161086780e-01
1.329641296920942573e-01
1.295061624008300161e-01
1.630961256288621375e-01
2.607040513974781537e-01
1.582400185167281981e-01
2.505237039235004293e-01
2.352575056890082450e-01
2.485075985384747610e-01
1.967525062491382593e-01
1.841951748400060540e-01
2.564428088582837995e-01
2.254458755383602353e-01
7.989616446018876772e-02
1.946822967896875145e-01
1.049236612806329905e-01
5.978774967092765902e-01
1.856164844500019784e-01
1.278990935636094561e-01
1.738772453388646722e-01
4.752251616387367927e-01
1.383577138256100736e-01
1.106398187121647309e-01
2.107352940393827645e-01
2.016132092587262226e-01
1.229492660578702934e-01
1.406027984468672387e-01
2.416414830110855672e-01
1.060303583641908770e-01
1.599110686468789011e-01
2.164673095854203200e-01
1.093228894278545082e-01
1.084563460787268535e-01
1.626477942483077754e-01
1.797400711544305807e-01
4.856049890269339420e-01
1.439539498203928347e-01
1.400950254755577162e-01
2.241486852713603373e-01
8.190446616735252983e-02
1.053562740870936792e-01
2.869294864841500092e-01
1.875807880238880287e-01
1.220147637140692465e-01
1.688812119312647075e-01
8.233282164849411999e-02
1.465693198559750721e-01
9.418811348520096660e-02
2.508125992330720866e-01
1.324799095349097899e-01
1.162106758892888086e-01
9.209131743570937723e-02
1.662583234199927484e-01
1.488211509559253520e-01
2.371774493228333558e-01
1.927051716809835002e-01
1.905003357144994802e-01
1.839378152462870786e-01
1.616131826137004179e-01
3.539245007277416755e-01
1.463312409471107800e-01
2.440253992612009815e-01
1.712313748268125824e-01
2.025558579870431475e-01
1.531619975278771806e-01
1.906904383340358999e-01
8.727834808696177671e-02
2.624168356776543920e-01
1.439210964829915895e-01
1.428284135135765021e-01
1.625575244477328873e-01
1.905745013390431342e-01
1.734208922829423571e-01
8.559238175053768272e-02
2.611623722855961338e-01
8.766304396740794147e-02
9.148096928288194929e-02
1.966104686149415526e-01
2.374563577764756406e-01
1.815522196568082336e-01
3.811397060024001582e-01
1.377872323409060074e-01
1.716542768390693363e-01
1.199313418045725027e-01
1.437588965457085310e-01
1.823376848420381335e-01
2.891722303959797236e-01
1.379489607474208568e-01
1.497838313251197984e-01
4.596493226206715965e-01
1.344330737137013065e-01
1.731217570529958727e-01
6.061224231662531992e-01
3.015645326422358719e-01
2.694568984457992866e-01
1.798642185179447073e-01
1.923249508377586070e-01
1.757463490013300156e-01
8.725418498719594851e-02
1.374769910578110821e-01
1.210048900005049749e-01
1.255240157875693874e-01
1.478125084931274369e-01
1.308954461639650901e-01
2.056104336997977289e-01
2.180833279061324681e-01
2.889465054498948082e-01
1.911734950460814153e-01
2.184497962882507027e-01
1.232649024809495536e-01
3.179727150701583960e-01
2.777988187998047254e-01
2.206838268913696444e-01
2.533882221218340947e-01
1.377731116210705875e-01
1.834411278574332449e-01
2.261395749905635300e-01
3.721474771271053306e-01
4.468786888958807269e-01
2.645192244627773692e-01
8.707542885163395419e-02
1.826347728000257964e-01
2.090284119682448982e-01
1.947579041114632092e-01
1.249475972161919746e-01
1.832573728773201349e-01
1.640929272773759551e-01
2.285054789197626945e-01
2.456372939615163176e-01
1.020845293403904452e-01
2.469185630230715245e-01
1.554888481606548356e-01
2.344083851157739151e-01
1.547652852053930661e-01
1.664625043861654996e-01
2.491887667111960525e-01
2.915636227036290662e-01
3.081425418170553043e-01
2.057692698573094781e-01
3.696846154138359042e-01
3.151500907883104663e-01
2.354303040659612989e-01
1.779184476067604270e-01
2.559585310177033279e-01
3.350412768066883817e-01
2.449830152354679491e-01
1.956224510753657164e-01
1.104658755270369885e-01
1.842132678317774386e-01
1.206315850382031624e-01
2.770318176702726842e-01
1.390949926305092010e-01
1.551591159589435776e-01
2.270992633988949683e-01
1.499542377091472034e-01
1.282451810066863040e-01
4.436544943059634316e-01
1.250407038086900346e-01
3.163495045514497228e-01
9.834156503262969640e-02
1.611472048578709293e-01
3.843236703940766108e-01
2.466610129491803027e-01
3.059681157450699907e-01
1.061053561658059086e-01
1.442597314721294766e-01
3.882475767467584160e-01
1.842581131834278296e-01
4.156897925039466091e-01
1.557035633261414365e-01
6.342575153014887168e-02
1.082529351138016849e-01
1.719120767714880094e-01
9.175528422581814836e-02
2.248232355963358797e-01
3.129429905746503593e-01
1.700043586066842249e-01
1.990412871393526795e-01
1.108545420017992417e-01
1.357976002440908214e-01
1.855500433566295293e-01
2.543218476725231936e-01
1.368644399342190399e-01
1.921330759130264187e-01
1.695596834892070803e-01
1.448787938510736062e-01
3.588538070384121315e-01
1.512855128085194012e-01
2.654863846352939483e-01
1.550035905684229998e-01
3.533540863964932943e-01
1.197542098931711901e-01
1.467444527666295628e-01
2.321961432055343888e-01
2.304437499013602397e-01
3.196058760843291657e-01
2.069936630105319864e-01
1.706496197643305457e-01
1.010920603834888909e-01
2.135330374069595305e-01
1.079589665525674536e-01
1.717406752651436108e-01
1.449754800568419100e-01
2.671859834672157819e-01
1.246667484501401413e-01
1.615734739781036766e-01
1.701155460352378468e-01
2.289526414110743258e-01
1.098433216655848033e-01
1.557515679552234633e-01
1.622899740716496064e-01
1.190789039113431258e-01
2.696542540240185470e-01
3.002741270863865664e-01
2.306087195441866855e-01
3.193985507723254291e-01
2.299293943293473363e-01
1.190699674155169391e-01
2.026084683804549869e-01
2.108617524465326021e-01
1.747559435891869462e-01
1.444829932722720700e-01
1.520411387841461293e-01
1.545288878287974510e-01
1.353414908869920441e-01
3.102528248883752449e-01
2.445299961534624367e-01
4.488626280218157572e-01
2.218816921507596740e-01
2.041754832208576842e-01
3.869748360979494151e-01
2.324000321980374817e-01
1.491455949693521466e-01
1.280870531669004442e-01
2.182476520191843627e-01
1.080619735052534558e-01
1.954244804242335765e-01
1.678383110568619774e-01
1.859124716787033949e-01
1.449224052720813338e-01
3.057375170272706999e-01
3.460513215614882676e-01
3.021726342615336791e-01
2.074389356366346804e-01
2.056784126704804816e-01
9.418799117095402740e-02
3.051831743032830113e-01
3.483972707412893444e-01
1.743456548130811468e-01
3.400354893316351879e-01
1.381800319481442663e-01
1.656712536207128883e-01
2.875782853492895308e-01
3.114494867327088912e-01
1.238613423647916822e-01
1.591981993461529798e-01
2.044704220721838273e-01
2.212025617537599909e-01
2.494996614531891366e-01
1.324881854172419993e-01
2.393058453831514165e-01
1.758605020338422920e-01
7.385736266122490401e-02
8.864413664955703154e-02
1.084102504317689675e-01
3.828983412417272802e-01
1.047880938265715600e-01
1.402358228617496538e-01
7.666642880064941656e-02
3.605363544196854564e-01
1.602512815393353218e-01
5.027785694148505929e-02
1.461802042461874673e-01
1.314507062341625787e-01
3.319693269523956713e-01
1.081498821556363399e-01
1.695696200360456707e-01
1.816432989264511466e-01
1.703745199468892635e-01
2.188510880800201008e-01
1.119958309154443221e-01
2.556482181677180998e-01
3.988022138519415893e-01
3.117843673974307617e-01
1.684278627559458452e-01
3.003049012944913887e-01
1.806181563619393693e-01
3.952511564686295165e-01
2.181360913426968196e-01
1.591883454046619517e-01
2.107647559090694844e-01
1.866313361658650805e-01
1.796520759377553400e-01
1.540444743250279913e-01
9.450630350320796125e-02
1.400554506897518925e-01
1.030853991327400909e-01
1.476630388175725339e-01
1.268789413970760060e-01
2.167592503656463332e-01
1.680327745128798456e-01
2.378108349607628014e-01
1.426877061160045090e-01
1.137528299658682324e-01
2.218464986141360229e-01
1.482207224766538267e-01
2.049067564884823334e-01
2.962901497693777308e-01
2.666565260767604917e-01
1.929304453098656669e-01
1.574893303457688687e-01
1.739044391419056479e-01
2.822603324903643629e-01
2.637441107288038267e-01
1.176603148360671203e-01
3.476214090062257345e-01
2.022649414177181970e-01
6.058847789768899428e-02
1.449204705384307401e-01
1.619217752011450351e-01
1.858766239648004526e-01
1.186305976785493599e-01
2.532298457292443405e-01
1.239372301045884722e-01
2.710977711221656539e-01
2.016599692784937503e-01
1.608231862948690805e-01
2.335675051159075699e-01
1.554562960585207099e-01
1.257461206441031765e-01
2.800807678248429244e-01
9.312918971869089957e-02
1.118700334351480641e-01
2.535820978540509474e-01
1.391132130987731419e-01
4.377511260094866796e-01
1.567194127113507585e-01
1.727579904345836748e-01
1.891454767669739079e-01
1.679587240457652009e-01
1.414091863319666964e-01
1.653965399921397683e-01
1.335818468494198163e-01
3.743837219336997313e-01
2.195656480632779683e-01
1.330742988477377486e-01
1.782450457662587695e-01
1.953368649490579423e-01
2.932427156693365733e-01
1.396516569121899476e-01
4.370845239292412421e-01
1.956613444266452617e-01
1.203985433178602765e-01
1.574685632462387297e-01
1.133488154006326576e-01
2.483424992626147576e-01
1.141937883269467657e-01
1.075210416141053754e-01
1.786235522509056206e-01
2.678274412016470318e-01
1.264755790294693205e-01
1.591049048034531010e-01
1.061267184024986127e-01
2.084729600604657285e-01
1.672334344162683395e-01
1.561413270409631460e-01
2.009884026584737304e-01
2.094474015883265039e-01
2.959163643963019785e-01
1.418566898587285130e-01
7.664940206347381491e-02
7.115880360845568131e-02
1.613435605160276620e-01
9.099902799877261639e-02
1.273588741612211861e-01
2.012277010991774806e-01
1.293548714850464298e-01
1.017223371456476011e-01
2.050144243984838022e-01
1.461520663342611714e-01
9.736422354008600344e-02
1.076803121198459251e-01
2.896949817001923666e-01
4.863118585864989463e-01
2.943977355308207700e-01
2.690611554057481536e-01
1.296293878603144434e-01
1.059929989338462691e-01
1.892245347050986737e-01
3.496603561154034701e-01
1.204819051766657795e-01
1.578196146118278076e-01
1.563147818669199107e-01
2.123642242529687474e-01
2.252359468534173570e-01
2.043272990739792572e-01
2.886468782581866899e-01
1.920206891025860452e-01
1.357079855661009193e-01
1.336772702836080684e-01
3.887666502929310042e-01
2.857379711411477397e-01
8.415669088835157907e-02
1.491528379749686994e-01
2.321787317358478819e-01
1.294723378054372376e-01
1.787411504019930097e-01
3.185686726154524084e-01
9.024252828701362361e-02
1.232782123932675417e-01
2.380231683051525771e-01
2.037032674936899712e-01
1.256094601212089934e-01
1.863525310997765361e-01
2.861920072446869634e-01
3.547503091867738045e-01
1.030047898333768114e-01
1.333433041645438466e-01
1.547940466978329765e-01
1.971562657079867220e-01
3.754466241509816782e-01
1.121648637626250639e-01
1.776685803196554614e-01
1.428551650622760794e-01
1.540283994510464050e-01
1.926548444659746673e-01
1.838707973558737774e-01
2.697687552764499452e-01
1.978080398209667301e-01
1.399754254136754972e-01
1.885440417024559223e-01
4.539001392443936522e-01
3.525311612069006451e-01
1.171119761471309806e-01
1.363931299789780671e-01
3.057628847742212552e-01
1.839944038709138141e-01
1.479821556998156540e-01
1.209939273068604826e-01
9.896019565225075421e-02
1.564196586393451494e-01
1.186502604470363598e-01
1.604630689748005601e-01
2.982589269076305616e-01
1.699663700907002861e-01
1.749794831221198887e-01
1.639246579642827939e-01
2.532178265050314403e-01
1.293597037659669768e-01
2.255853168194253966e-01
3.983042456006587462e-01
4.174489377136222923e-01
2.009639902153233793e-01
2.238148144717902466e-01
1.181791217643889391e-01
8.969456131308033153e-02
2.119718210018216031e-01
1.876948245619361466e-01
2.192151155732029733e-01
2.019720276393765779e-01
1.900511349027482477e-01
5.497100774172571924e-01
3.565844683619915911e-01
2.041820336795970858e-01
1.903612004166004013e-01
2.510291436310975177e-01
1.817467263939888111e-01
1.517083014857303902e-01
3.307660573336672627e-01
2.869861662258655910e-01
1.854946632641965021e-01
1.505879686059036215e-01
1.886088748152898731e-01
1.164633263059419166e-01
9.266588462518295100e-02
1.580068078123229025e-01
4.382846111635846920e-01
3.849174890616554046e-01
1.017725015704154384e-01
1.424157479412537508e-01
1.764161057702068047e-01
2.014492557238031500e-01
1.863399304538796708e-01
1.522488644716583073e-01
4.117565991384716240e-01
1.360769245389066295e-01
1.222580764012291404e-01
1.616543785736866967e-01
2.113645811556311149e-01
3.137612831408790881e-01
2.701764878758825539e-01
1.629266328790200391e-01
1.622812230724127169e-01
3.135445024409281300e-01
1.538036224694593612e-01
2.259037311250056135e-01
2.094028253328911182e-01
6.260268526567763780e-02
8.120244540150774182e-02
9.896845561354819520e-02
3.087938027451154199e-01
9.321612453637628803e-02
