4.424426708142975562e-02
4.226334355185493163e-01
1.809126189553546815e-01
7.594183301673561315e-02
8.096703417330490538e-02
8.172149570205636260e-02
1.329057059859819201e-01
1.067408058959776473e-01
6.534061769030201361e-02
1.421261939805670838e-01
2.327336754063714652e-01
1.285567973008090170e-01
2.654226909105273369e-01
1.628399265073249003e-01
1.603745903820301688e-01
1.180210346682370459e-01
1.620316303678237257e-01
1.763898801356028334e-01
1.555977462957894852e-01
1.155938016888602426e-01
1.435944229279402795e-01
1.651834163358545937e-01
1.434637959635777227e-01
1.631778364507888712e-01
1.468244824067986565e-01
1.489802312529786843e-01
3.614536020975342434e-01
1.866399094636842781e-01
1.333247315621149121e-01
1.122628479322270029e-01
2.293271613437480594e-01
1.093712577044377438e-01
1.407988251219190745e-01
2.496147222934704257e-01
1.068518115980738453e-01
7.212753018035240882e-02
2.439554427177038631e-01
2.710228537966306583e-01
2.498913689434856533e-01
1.652338421029911353e-01
1.042148199968227773e-01
1.536006877407388727e-01
2.618010330256789198e-01
1.394585381609665942e-01
1.394014939602442049e-01
1.216390045422028887e-01
1.346980050373300375e-01
9.878188489543712758e-02
1.716637463231159566e-01
1.231960760936468974e-01
6.147509357469231606e-02
1.164780505945275380e-01
1.139744589730046498e-01
1.027996821524539833e-01
3.390771124787019808e-01
2.460941689803854693e-01
2.074909332127959083e-01
9.444707605290336705e-02
1.607578921585882670e-01
1.321219815002387110e-01
2.014757355487008239e-01
1.413332673200169420e-01
2.165458667697589545e-01
1.355808411860711105e-01
1.913096312652212416e-01
1.939573624984597677e-01
1.196053958521915428e-01
1.128971176847393537e-01
2.415140560609682907e-01
7.522356113698250302e-02
8.460408767197660773e-02
1.956111254373947839e-01
1.873230625904544755e-01
1.514578162443638853e-01
1.653469037150268883e-01
1.839609860939232788e-01
4.437397204398732531e-01
2.653367493559613544e-01
1.978872469197838491e-01
1.726012118451590860e-01
1.844710066392642733e-01
1.341595547787511333e-01
1.325808123469519040e-01
1.112460737688590745e-01
1.374626161756285214e-01
2.180656860434473654e-01
1.267293206103948799e-01
1.214961169309954347e-01
1.344450689407655497e-01
1.538770196950303704e-01
2.207250948668782742e-01
1.602863871761782688e-01
1.095446068522836353e-01
1.828824818387780604e-01
1.165254453516786914e-01
1.839159676031953405e-01
1.611146750252345494e-01
2.135812368689750940e-01
2.079158749354859392e-01
1.208183001606926293e-01
1.210653037452277536e-01
1.661631302126446441e-01
2.596734750170983097e-01
2.814024665058865171e-01
1.773848263898211153e-01
1.278008155645648514e-01
1.791595065094278016e-01
1.678910302955189948e-01
3.162380010365863359e-01
1.215913482491466913e-01
2.754998927555121768e-01
1.744146938861075302e-01
4.663471090197367497e-01
1.257921503214139702e-01
2.639161942384025128e-01
3.086074659478371673e-01
1.147843091477167288e-01
1.642507205307389140e-01
9.184855000923711210e-02
2.531802867872618434e-01
1.691810334720833531e-01
1.722549411171143963e-01
1.115591042875900274e-01
2.232656533903352170e-01
3.359932772843373106e-01
1.058025392812234344e-01
1.373459529759157860e-01
1.874191384703969010e-01
1.469706215948422545e-01
1.446089210689607829e-01
2.958689602982457756e-01
3.635015869952680223e-01
2.818462008848178768e-01
1.842137090492495244e-01
2.023098998997943099e-01
4.111301337185007121e-01
1.141496358126574406e-01
1.465636058797318286e-01
1.287953522879239920e-01
1.268719852729516540e-01
2.060712180735513599e-01
1.363866489866769893e-01
1.262601576218266020e-01
1.866506921258742069e-01
8.664992757493121533e-02
1.323999777790090815e-01
1.239902808523551808e-01
1.958924233409848059e-01
1.698949869818379421e-01
2.096898230131109542e-01
1.791231372185589643e-01
8.699185384065938331e-02
1.295737877712304920e-01
1.373997506265950963e-01
7.746727364420172290e-02
1.383292207748779701e-01
6.538088984329104569e-02
1.320722516553664572e-01
7.204915631489208772e-02
1.434151020605831939e-01
5.110124784130831016e-02
1.603431087419350809e-01
1.654697717566784299e-01
1.092136806326397952e-01
1.691446133284909281e-01
1.052795836657964279e-01
1.161746049723029195e-01
1.280964203377163158e-01
1.394652338182415796e-01
8.335487577467223796e-02
6.812560333088098219e-02
1.500606932906999313e-01
1.165985680889761456e-01
1.706567525525799212e-01
1.316092895820552555e-01
1.481297102542211142e-01
1.579965759834397465e-01
1.421417778962903722e-01
1.094203039668228267e-01
1.249104391271754766e-01
3.076387496064636462e-01
1.903998081302515077e-01
1.572828254817261739e-01
1.977219720214712650e-01
1.982927871990862456e-01
1.674053123740998628e-01
2.175908762599984836e-01
1.581504308076155108e-01
1.496292922237431045e-01
1.884185732228308707e-01
1.489767347957076937e-01
2.610461266421635340e-01
8.798641014006798600e-02
1.756522549075971718e-01
2.770814854458220622e-01
6.791831772948941914e-02
5.803666425049054667e-02
5.349181401124803586e-02
1.053948225004831402e-01
9.627533925527878567e-02
1.283077083950592556e-01
6.338357959830787092e-02
2.544697412713573526e-01
8.757344520184719150e-02
3.513700630244466216e-01
1.820835275359015681e-01
1.230218745494284505e-01
2.232954826178954744e-01
1.792612120753593885e-01
1.719397312675574330e-01
1.648553383057154154e-01
1.371361600260267155e-01
1.178662088571753169e-01
1.862694940694614443e-01
1.098631960626656745e-01
1.040528885246066598e-01
1.468195444570422059e-01
6.627612453893767797e-02
1.447097207598394553e-01
1.299230929394702416e-01
2.001231532361201770e-01
1.014757302549316592e-01
6.229010242866576952e-02
2.536572340668375447e-01
1.148601475841399960e-01
1.550541158760097016e-01
1.235204781490206877e-01
1.057731531801548858e-01
2.440459756373439815e-01
2.448128134974314474e-01
1.997329406353049730e-01
2.609774798357444858e-01
2.330925951369512139e-01
2.770197234279603848e-01
1.619936153000125223e-01
9.058835618337685025e-02
2.921500034958940950e-01
2.151195169439310551e-01
1.183020370393067927e-01
1.376228476684941970e-01
2.422420259604565473e-01
2.087276634414948484e-01
1.954466416715867350e-01
1.180190078983731905e-01
1.286124387828597171e-01
7.694767722043051317e-02
1.409858889716337216e-01
2.103566007299933482e-01
1.982476654067546196e-01
7.994368465933576751e-02
2.031929503474056431e-01
1.945258898955065097e-01
1.509859996208976762e-01
1.213060108504107754e-01
1.113448553108074279e-01
1.397971576337634081e-01
1.566411845931094948e-01
3.429420964170206698e-01
2.076487452553959778e-01
2.174841280515777131e-01
2.594046463070268094e-01
1.406912852716107054e-01
1.967991067028041774e-01
9.214373253328327074e-02
1.789696124170289948e-01
1.933542441163241532e-01
1.312733238975067329e-01
1.285041240433894005e-01
1.969799378410868884e-01
1.559765015439962543e-01
2.166393643377580724e-01
2.047295538314723717e-01
2.180216169434661122e-01
1.589265307861959242e-01
1.000759707476451266e-01
1.493566243503944013e-01
1.733227974871890120e-01
1.168881416928680972e-01
1.153744728678902653e-01
1.997315207078074473e-01
2.736145121360732402e-01
1.644331851020232882e-01
1.540850621865821890e-01
2.028783193809134133e-01
1.676353346893502405e-01
1.409084366296948221e-01
1.437534565421773880e-01
1.373171911316633798e-01
1.094941595507186866e-01
3.708980991635240643e-01
1.794607672622401395e-01
1.850783984798971549e-01
2.028629458929779861e-01
1.665802896955294043e-01
1.448385850751917336e-01
5.181992870489405822e-01
2.129111868488843540e-01
2.771116549489972547e-01
3.518813480713173791e-01
1.629322523170707859e-01
1.338095889195097254e-01
1.591499924237544661e-01
1.817369499099205921e-01
1.693417807585867463e-01
2.096322253356172338e-01
2.298390054262313409e-01
1.357067069976148899e-01
1.568610747851044152e-01
1.601075550059121722e-01
2.024039812088378187e-01
1.167888632406921812e-01
1.493711111506703659e-01
3.234877038541594807e-01
3.135267388977920344e-01
2.153054235542233019e-01
2.377387718265770444e-01
1.653823493256953991e-01
2.412779263180465927e-01
2.228273371921785095e-01
1.017720594261659756e-01
1.106712777283814231e-01
1.299294694400786876e-01
2.558168201050173840e-01
2.187728579642579663e-01
3.343410379856026626e-01
2.387602335875169401e-01
2.367312607841759176e-01
1.776769870964709230e-01
2.073292701403121607e-01
2.015112959049004115e-01
3.366374280953193798e-01
1.419052249211279759e-01
2.656399756723802907e-01
1.251568510487738595e-01
3.011453030290921484e-01
1.975457691921541359e-01
4.204448215219884766e-01
1.009973773491867066e-01
1.564579566005294409e-01
2.714130126722242853e-01
1.311855338642822777e-01
2.560802105772014281e-01
1.070382607691384297e-01
1.526149850757386461e-01
1.474701776565390532e-01
2.118350072991429800e-01
2.231744183267108106e-01
2.426166512037754297e-01
2.008931012986734932e-01
1.618251367932298790e-01
1.499416968640002734e-01
1.877824543372497990e-01
1.499203850554164108e-01
1.546532688847564174e-01
1.775240322293580586e-01
1.641505693061390270e-01
1.012852430819965455e-01
9.887139122627519594e-02
2.823719036975458341e-01
1.477294825310293269e-01
7.088367550610102930e-02
1.161378139851930169e-01
1.649431085781057071e-01
5.147952334744938518e-01
1.925721307118985204e-01
1.691042554686075505e-01
1.861406267411930826e-01
2.639211173670035770e-01
4.957843978087125847e-02
2.011393106107954298e-01
1.391524416223497707e-01
1.280222644157440193e-01
1.566405203380944189e-01
1.234606553040241417e-01
1.706541697429468374e-01
1.653280118865205206e-01
1.727212976597723715e-01
1.108573173850264104e-01
1.207762116331690533e-01
1.602801463666175263e-01
1.288349819595066004e-01
1.348405337167628837e-01
2.420375064127839038e-01
1.870356958518903379e-01
2.479599236798989137e-01
1.975166534333007706e-01
1.591670473817269338e-01
1.574530126542959263e-01
2.810790881912703654e-01
1.324396090897904943e-01
1.083237298121726283e-01
2.765900325603675713e-01
1.530942225186663064e-01
8.728639765156574748e-02
1.639683251830163502e-01
1.011122129684372400e-01
2.648654560459421936e-01
1.084454041496097920e-01
1.110919136920043848e-01
1.441862757219826430e-01
1.042325830753773191e-01
1.588925992959578648e-01
1.693892261112512343e-01
1.884021073101530552e-01
1.339159723352481290e-01
2.006027580625087681e-01
2.339130914092707181e-01
1.546099830996381097e-01
2.182408708558302712e-01
1.533916020213536013e-01
1.029537689263368833e-01
2.582029386532211923e-01
1.876223778466455661e-01
1.113483611056020339e-01
1.169146446278864354e-01
1.492587451061520576e-01
1.524682444832577144e-01
1.856213836155194974e-01
1.576107041520907470e-01
2.420529704451450381e-01
2.247671604010041957e-01
1.081652372748961172e-01
1.971649075522815264e-01
1.223326082176561524e-01
8.653716805182939953e-02
1.623396519524902826e-01
1.441736457566217544e-01
1.682217036687536915e-01
2.468183237645115990e-01
1.420837119536536852e-01
3.916727707139193715e-01
1.225473149794606975e-01
3.309493652243037376e-01
2.591958920301779545e-01
2.950322340567707036e-01
1.469705338142681394e-01
1.886931881596764782e-01
2.090463559458233256e-01
7.910594696738831866e-02
8.869237187947184853e-02
2.230232017816016765e-01
1.982416835965355728e-01
2.439139783772087122e-01
1.708144455792450500e-01
2.046402655498789080e-01
1.884265579022148251e-01
1.557274524943293992e-01
1.950791839127509197e-01
2.709505654100936578e-01
2.172718157837853492e-01
1.166710561889086339e-01
1.743757723491599632e-01
1.818362473077258790e-01
1.699139298523360819e-01
1.490125039675097296e-01
1.483474293234442742e-01
1.490136099627025479e-01
1.189619992081955152e-01
1.247574985635331729e-01
2.321270519180216318e-01
8.266326085822607583e-02
1.803477412458433238e-01
3.236003954583165920e-01
7.108982408247332963e-02
1.709056929302697203e-01
1.307165347525086618e-01
1.811834025599173004e-01
3.152115646190216669e-01
1.536735720850910258e-01
2.123571538375058632e-01
1.286853622168541156e-01
1.680621743461694906e-01
1.091728708052016328e-01
1.294324326618683518e-01
9.331852622632313965e-02
1.712027390449376019e-01
1.453695020562530138e-01
6.152664177113473243e-02
1.210625166858936425e-01
3.382664259019020347e-01
3.009068956515568161e-01
7.389134034873019730e-02
1.289970048622326448e-01
1.131459566746415707e-01
1.899861712499474886e-01
1.211412015386368612e-01
1.907334463155322124e-01
1.348617547485722046e-01
8.200137296817910926e-02
1.624814537496160616e-01
2.141190812695991097e-01
1.949342131806442446e-01
1.455436832626937071e-01
2.489155046915660363e-01
9.855962040040321115e-02
2.634583131996526828e-01
1.601222016660387437e-01
2.101975696646274927e-01
2.337900286899550206e-01
1.982876495191327748e-01
1.699635889238474695e-01
1.627721688680660861e-01
1.385079975189254520e-01
1.487227630459059535e-01
2.444593389689232454e-01
1.568390241934752016e-01
1.065375703299901167e-01
1.661113579168552457e-01
1.320490706781131396e-01
1.664825922637407085e-01
1.698205906779524099e-01
1.714530086631774752e-01
1.834035238425482661e-01
2.120682251242509420e-01
2.330610833753468669e-01
9.364411308397395384e-02
2.638179192520067606e-01
3.219478665136530915e-01
2.892455126372546759e-01
1.225320527491066125e-01
3.060790521688708798e-01
7.340763907379295461e-02
3.021336545325246647e-01
1.455296290198971332e-01
1.514826367090842119e-01
9.932552235391589601e-02
1.479377252544739063e-01
1.659340310106786065e-01
1.478967428126887751e-01
2.235093181864096223e-01
1.312799750535717513e-01
1.624883841097827242e-01
1.604522223498143496e-01
2.304684647700578348e-01
1.245431223514981006e-01
1.383349595848777092e-01
1.742424142857302571e-01
1.770481448919314083e-01
1.123371353482928159e-01
1.162513415813405948e-01
2.202449376155763139e-01
1.312826520149441567e-01
3.641980278325985809e-01
9.996014599944889889e-02
1.338304006907450883e-01
2.595238598873626512e-01
1.693586714740613619e-01
2.004893357846313229e-01
1.937232930728522706e-01
1.947314299741706167e-01
1.969078588714746059e-01
1.079745502483308861e-01
2.293353982321948425e-01
1.734634403188254625e-01
1.429566237454019950e-01
2.135252797379766643e-01
1.682469847502660876e-01
2.096883207593750464e-01
1.472363820445342919e-01
1.923787046696954217e-01
1.504540949949527140e-01
1.371593050312983342e-01
2.086352610741422919e-01
1.484743292783470836e-01
1.303820716690010650e-01
1.532450065628301605e-01
1.847168362095263361e-01
1.904177097485368897e-01
1.740290984236075866e-01
1.483335668422356146e-01
1.697746934978417166e-01
1.535939688967644934e-01
2.047928428014899049e-01
1.282715910138521320e-01
1.819773273287849658e-01
2.006423109442178609e-01
2.081112772394707322e-01
1.566427135844180307e-01
2.167225777382194019e-01
1.857731790594240873e-01
2.813659974183511658e-01
1.827658203697770378e-01
1.643011569781686054e-01
2.414370071532004336e-01
2.112834693197277458e-01
1.850109538623229688e-01
1.637520673006692962e-01
1.721134126175960788e-01
2.679662662671812301e-01
3.496552618855483519e-01
2.666340222306783914e-01
2.108467071691303429e-01
1.813451362980020298e-01
3.562293020167114355e-01
1.736541435686818624e-01
2.899502059385313801e-01
1.728670607823470096e-01
2.086287241191265296e-01
1.331359523081617202e-01
