-2.163775557826968843e+00
-9.279454945166022706e-02
8.458738614690683999e-01
-4.385069036512680429e-01
-1.616008607122474128e-01
-4.556201430997678936e-01
-9.341045123751430534e-02
-9.083557593078412928e-01
-1.323530717108002630e+00
-1.028276033894857333e+00
-7.300633675566501335e-01
-1.366135457434967782e+00
-4.949663552138124367e-01
-8.324558702902767893e-01
-7.554979808346703463e-01
4.324888005530588275e-01
1.295443276003301614e-01
-1.567075489701736102e-01
2.197831179812448632e-01
4.045809619635746812e-01
8.300259653799861859e-01
1.743686315897742256e+00
1.264149254133243083e+00
-2.876601869135398393e-01
-7.778584700331592217e-01
1.708519951787631275e+00
-1.203853641403059838e+00
-2.933196114670150734e-01
-1.791869529584667331e-01
-9.949695626162993189e-01
1.675590698877436946e+00
-3.516466335419509703e-01
2.146504960095780568e-01
-6.877757168930477283e-01
-6.452764546724606420e-01
-9.754888523256444177e-01
-1.821114969609500048e-02
1.231654573290064780e+00
4.790784945001337891e-01
-4.625007407532924497e-01
1.220486652515136106e+00
1.843294551232681766e-01
1.975190109128606819e+00
-5.082885463512318985e-02
2.179362859136270980e-01
4.006671968331934619e-01
-7.002166783570245023e-01
-9.883531422581636194e-01
8.734011499631714193e-01
4.747004319233789627e-01
-1.074005164140868995e+00
-1.062528295042279414e+00
-2.103804517176471323e-01
-6.481056758004739571e-01
9.561369050469760156e-01
-7.552219395450390227e-01
-8.901182238516026912e-02
-7.913341113260498050e-01
-8.597770110556841594e-01
1.334129565267524020e+00
4.168153362759722258e-01
-8.536111970526750747e-01
-5.913893476714928710e-01
2.202680235097466965e-01
-6.560704493381506186e-01
-1.921108386837641346e-01
-9.902147944718147077e-01
-8.789932446082633355e-01
-5.310984803231539875e-01
-1.198899567008359091e+00
-7.084641605778599915e-01
-9.305380702983111207e-02
1.066207161390868352e+00
1.543582301200755014e+00
7.604847574569018054e-01
1.258775804479350446e+00
1.223911828197010720e+00
4.810930544076684745e-01
3.215918971220400047e-01
1.283358736373567011e+00
7.301694027154478350e-01
5.912508013757041825e-01
8.982847099528453727e-01
1.107835327098389611e+00
3.393639459093603650e-01
6.912755410184456828e-01
-5.122608667041045338e-01
-6.110386739232829267e-01
1.092626708462837604e+00
5.003989982829583072e-01
2.747761482963352986e+00
1.377271410395750406e+00
5.832273944713809583e-02
5.165452581250907782e-01
1.034925286489906948e-01
1.198059975897334928e+00
-1.771888352315140192e-01
2.749594122223093795e-02
6.213449304845001251e-04
9.615733492879562361e-01
2.277356847123482630e+00
2.887696954860022869e-01
2.204771326119725483e+00
1.359400809608967975e-01
-7.932549506781048920e-02
6.403513151673670967e-01
1.397721427532675198e-01
1.980747591808834862e+00
6.854380383592144632e-01
1.229355574740095713e+00
-8.723178322734054246e-01
5.827315886640825893e-01
-1.529276828973710867e+00
-1.204197331693211748e+00
-1.110178629803144412e+00
-5.764199697643938164e-02
5.111423734673306019e-01
-9.846438584072134681e-01
-1.169250955498187583e+00
1.019525805203855828e+00
-4.149844440247590360e-01
-7.404597770854185468e-01
-1.011208513231028894e+00
6.298150371807634262e-02
-4.906168010904451982e-01
-4.905456804463191323e-01
-6.533134724166855811e-01
9.759620696063113776e-01
-4.351187921041644868e-01
-1.065011582694178394e+00
-3.373569743794629927e-01
2.190276517741266638e+00
2.049770926275219285e+00
-6.122336456002150928e-01
1.463931918743224925e+00
-4.371765076632125324e-01
-9.379741867687270140e-01
-1.609960815544444701e+00
-1.037518454278543389e+00
-8.371495726543991545e-01
-1.379505636469956942e+00
-1.167450446735022407e+00
-1.398424559765724773e+00
-1.361414106702238946e+00
-1.437717287794690657e+00
-6.875604279821954101e-01
-1.046454435998551036e+00
-8.058461223495607673e-01
-1.666861163676266244e+00
-1.062712618619024996e+00
-7.670043820946291779e-01
-1.348511420964017438e+00
-1.135820087849877202e+00
-9.867642095459203677e-01
-8.371733117161639370e-01
-1.382385828945013051e+00
-1.226877579305319488e+00
-1.832573441122629376e-01
-8.117422543538647117e-01
-1.199595575901391431e+00
-1.089303050334022860e+00
-1.353175234843138508e+00
3.279699411131736797e-01
-1.198397500119866788e+00
3.340189404675850682e-01
-1.080106511663359470e+00
-5.235831894729022773e-01
-1.313009629319391136e+00
-1.374692537622841826e+00
-1.129960550318110490e+00
-1.047304805577396136e+00
-1.469786237251472505e+00
-8.866543967629300083e-01
-8.259563593349648070e-01
-3.697122128318591772e-01
-7.978181923146000498e-01
-2.145408565281421986e-01
-1.033796566805119443e+00
-1.115519545883461250e+00
-6.068357423518613292e-01
-8.183302428749829049e-01
3.080972028282101816e-01
1.393687944296305270e+00
9.870281877987685526e-01
6.681678008447715644e-01
2.719047256439935945e-01
2.278819833232896275e-01
-1.194997676689727034e-01
-1.146254294240098170e+00
-6.081730711877858520e-01
-1.398960707518479341e+00
-1.275101234764373315e+00
-1.042146598020834425e+00
-1.068258645749707414e+00
-8.838608861585132148e-01
-1.114676124116769751e+00
-1.296760668465643418e+00
-1.041867240664612115e+00
-1.067891049248867796e+00
-9.179702973608677707e-01
-9.140686169622534996e-01
-9.921530546219068381e-01
-9.097928120732722349e-03
-1.107017113277674714e+00
-1.185511957862425969e-01
3.867168770055546267e-01
-3.241289373844869481e-01
1.213025923607243817e+00
1.883937280691539984e-01
-8.134405728487561493e-01
-7.392090346607896323e-02
-9.757024591349937603e-01
-1.434268303660723776e+00
1.809279542442895627e-01
1.827203079290543597e-01
9.988600199036948291e-02
-1.261835698838062736e-01
-1.217325392595664191e+00
-7.136891322150211714e-01
-6.934310414313364923e-01
4.961949325391102339e-01
-1.415523467690823933e+00
-1.131772407577033901e+00
-1.029026711069017663e+00
-1.130523328829712737e+00
-1.499351747047738659e+00
2.748485862514985500e-01
-4.750862770119785861e-01
1.026637948581638815e+00
-3.499598268954968311e-02
3.511066999363327001e-01
5.062882127202928961e-01
-3.655102212920275928e-01
9.950786868718065614e-01
3.268987817894212222e-01
1.160777832900364626e+00
1.950460253152964896e+00
5.952554286583122689e-01
-6.327023422935844632e-01
-3.745004703627541343e-02
1.307256065146337631e+00
6.338775027799922190e-01
1.128453219153736642e+00
1.641088869772933112e+00
2.532617140608316858e-02
-7.039352966568553915e-01
4.524048127140968822e-01
1.459411621036187379e+00
6.460287850869143034e-01
-2.635984216817772174e-01
8.478699091896316764e-01
-6.240182287773634595e-01
3.934939499645717653e-02
1.704895515444526666e-01
1.695822314679234777e-01
-2.972109252458535189e-01
-2.530374308659241178e-01
-4.601553864954758405e-02
1.005563718208479090e-01
-6.355637564529943440e-01
4.579115147815249198e-01
-1.063205877703010449e+00
5.441304207451447272e-01
-2.505394119652926688e-01
-9.265461431971123707e-01
8.488405556385419937e-02
-1.460340594671715730e-01
-6.719249758005083617e-01
-5.205066368258126630e-01
4.955503764356443686e-01
1.206552863296323608e+00
2.254096820470171458e+00
5.703018539293972511e-01
-1.922221985081208617e-01
4.541148199494234317e-01
-5.012353628085594037e-01
-2.947401856440597379e-01
5.287033654603325861e-01
-1.664717122081383477e-02
-1.643212089175744572e-01
3.849971830548876706e-01
1.155396791512277810e+00
-3.610582336329257180e-01
5.076631955657344708e-01
1.793271907951211386e+00
1.009073181765640648e+00
-8.184869042028708463e-01
7.487558897892990784e-01
-2.134421091687645211e-01
1.869589091609024367e-01
1.412326594584342621e+00
1.145727771557126351e+00
1.801287628910146488e+00
4.355442301471929567e-01
-5.774358306581540701e-01
-1.040977756882358607e+00
-6.069317123413413562e-01
1.028999808166204538e-01
-6.705265734490031271e-01
-2.791260798205916216e-01
-1.783170862756898803e-02
2.712909513482769097e-01
1.173111241860598855e-02
4.724574798606865911e-01
1.295613386557349589e+00
1.833332118320781521e-04
5.674400727406389913e-03
1.481539996021961736e+00
-2.374863873214825838e-01
1.414972565220119716e+00
1.673437803835303495e+00
1.590337598596962554e+00
-9.798299801753472538e-02
-1.105186040827835659e-03
3.380295535101007220e-01
3.247820091256785169e+00
-9.826009145766190223e-01
-7.436168825210174305e-01
1.918989662836572352e+00
-4.597445669845602878e-01
-1.227909358103295379e+00
-4.654434007388362216e-01
5.297077302687295264e-01
1.509994625381824163e+00
1.082352500819832475e+00
1.079663048045031992e+00
-1.185071976798530435e-01
-7.303522230666759096e-01
1.848753782759220643e+00
4.330640333183032320e-01
-4.319746490886691159e-01
2.248057428912480366e-02
-1.386587640098475349e+00
-7.983832504108568928e-01
-7.999539737928658134e-01
-9.112931759592873826e-01
-3.801349849406300274e-01
-1.066991029422177606e+00
-1.318722091414323394e+00
-3.698965771232873290e-01
-1.544999447382058522e+00
1.034701250385037685e+00
-1.460544578601957300e+00
-1.567324261392187557e-01
2.015766227675383160e+00
1.164143896719596505e+00
-7.479091256467911286e-01
8.478437240741405478e-01
-7.432454739449609327e-02
8.080259934610226624e-01
-5.569469337791737029e-01
9.404734673169265480e-02
-8.030338854359396761e-01
1.006246652779307693e+00
-4.901503417586390854e-01
6.244867214415721346e-01
3.830445647649840524e-01
-8.183457112951149359e-02
8.897741355948249331e-02
-7.126921634479109757e-01
-1.364636415084113708e+00
-1.465799934617700195e+00
-4.970417716419459619e-01
-1.046431936991596645e+00
-2.763263672572842111e-01
-1.067027381715071721e+00
6.532930773758188758e-01
-8.486187942221083969e-01
-1.197322708941406466e+00
-1.502974564026043208e-02
-1.308344589963627458e+00
-9.200562534863767628e-01
-1.246010166179422729e+00
-4.112900739239642167e-01
-5.027419405122559581e-01
-4.215807328946908350e-01
9.693575139319680067e-01
-4.233133680574603375e-01
-3.087665529213708959e-01
-1.015843708515420801e-01
1.228827925271400945e+00
-1.081996232305657418e-01
2.556428625676769317e-01
-8.192612490856187035e-01
-9.728235615075401244e-01
1.347759834142699398e-01
-1.214682957974513977e+00
-2.677836544013114106e-01
-1.063369827598260819e+00
-1.328588505207703996e+00
3.153139289169451520e-01
-8.934375019993751055e-01
-4.087401153125488906e-01
-1.176598031031682590e+00
-1.330900349886207756e+00
-1.102392235167621637e+00
-8.659124339536095061e-01
-4.252847536121865946e-01
-1.166233290407648893e+00
4.361836064925260770e-01
-8.951822898641620396e-01
-5.942695616224159538e-01
-3.609116416708477854e-02
1.764717391711088545e+00
-9.730743255094481681e-01
1.807437950145236449e-01
9.321348983047003101e-01
-1.454940716721318417e+00
9.019064142995706357e-01
-9.333615438311162471e-01
-1.049241613400947015e+00
5.847681574286800466e-01
1.765863033034627549e-01
-8.150896053108971362e-01
-1.147122694396428999e+00
-2.900834621931941970e-01
-3.772467688305873867e-01
1.051781201110203179e-01
-1.646106298181451433e-01
-8.150454873133914369e-01
8.486418513223730198e-01
-1.052408342371954797e+00
-8.337705081113928607e-01
-1.126256696092188925e+00
-8.307288228261536789e-01
1.401276886717849557e+00
-7.696677311268794730e-01
1.142847971202696877e+00
-1.435082032173160327e+00
-5.916385606854931423e-01
5.358223778784475533e-01
-1.107897092286919349e+00
3.146583977418472289e-01
4.244206701322387199e-01
4.148978495641447717e-01
-4.625020025574680949e-01
-6.570053266966062733e-01
-1.082626794266928760e+00
-1.113450543587644059e+00
-1.432265625095519246e+00
-6.809636806047232316e-01
1.062352455767102910e+00
1.016103111570661133e+00
-8.044711640384085705e-01
1.514614415726327490e+00
1.732444418178032741e+00
-7.020997638046518885e-01
1.699751030162661936e+00
1.278189882074518113e+00
-9.795195128494630366e-01
-8.310305046502646231e-01
-1.408625432555530854e-01
-8.746911953258436068e-01
1.688183757229632542e+00
-1.240805387719373432e+00
5.194051196865542286e-01
-6.855419459476767147e-03
-5.018526942859905526e-01
2.789420832907082981e-01
-4.063833157529410101e-01
-7.502994041527993874e-01
-1.951009368563351165e-01
-4.625896818217035689e-01
-1.314510422678031309e+00
1.408449628133643383e+00
-2.916967754237882460e-01
-6.299210159653558794e-01
2.554873197307346300e-01
-9.437112990543952695e-02
-7.571164913657436601e-01
2.934948057425054366e-02
-1.190012858654163397e+00
-7.935351038368205767e-01
-1.027387043802984457e-01
-1.478908907628565528e+00
-2.047359626009670752e-01
-9.781268139861034605e-01
-1.157231379010630112e+00
-1.104700420553192286e+00
-3.415582571188534589e-01
1.615625095664475763e-01
-1.021460792641991189e+00
8.094705207400355595e-01
-1.003331220953728176e+00
1.781028538134493688e-01
-4.832856856895619280e-01
-4.965687549200565321e-01
1.220794723541552163e+00
-7.070290272820350941e-01
-1.794444511115624724e-02
-7.631914311805025886e-01
-2.665595268505277504e-01
-7.990014303868817058e-02
4.734022825278600410e-01
-1.069262372824504093e+00
-6.218867154503773115e-02
-9.758733491730227083e-01
-2.007211381813835127e-01
-1.636106752578197765e-01
2.930733786348677095e-01
1.360552407661100582e-01
-2.324858039168166690e-01
-5.338913194711153443e-01
-5.907857293476503208e-02
6.769970118500324707e-01
3.628243895841352096e-01
-3.583942190514895487e-01
-1.019648200704970531e+00
-7.229073172594265018e-02
2.413719819509718006e-02
-9.416597768252407130e-01
8.184355358963915084e-01
2.347816960363634742e+00
-4.717697618343931198e-01
-7.556838584803136083e-01
-3.516810620610723581e-01
2.204332759429215027e+00
1.361446849563367756e-01
1.117099660365520331e+00
7.644489191116210502e-01
6.480967759007633111e-02
-7.151159779565364749e-01
5.913758569451668112e-01
-3.021271600845976679e-01
1.547885925310674260e+00
-1.448003758438194677e-01
5.237728105622009300e-01
2.627236728558982826e+00
1.183513199640434527e-01
7.834608127181791337e-01
8.428558568682702479e-01
-9.602162887733182162e-01
1.166233975260071026e-01
1.198876027725219950e+00
-2.640454796580146701e-01
6.484891960184281379e-01
2.585458932607629934e-01
1.395919119218210103e+00
-2.109011784149982804e-01
1.989684382512208805e+00
1.930799648455312711e+00
1.399520717227848987e+00
-2.686270308732807144e-01
6.962800604433075913e-01
5.768746878961005242e-01
4.622317687546733667e-01
1.370142194611719377e+00
7.583160715273333796e-01
2.267767384365812156e+00
1.090639102398230920e+00
-5.732847613535991815e-01
1.466818231470445599e-01
7.647717311852182398e-01
1.294280757470883225e+00
6.461051815000841136e-01
5.902603130507261264e-01
8.036518370144053458e-01
2.610648459231308671e-02
9.578942551348269552e-01
2.137452814328177908e+00
4.123442952676079076e-01
9.374016931014496068e-01
1.317713326155125486e+00
4.606376669139073954e-01
7.183326375598106939e-01
4.422294507342608982e-01
2.325870408216156093e+00
-3.715733964380453225e-01
1.128822151253986217e+00
1.701450679327643156e+00
1.518949498040963464e+00
2.158212228540370425e+00
2.458621599642018263e-01
8.567838052640680546e-01
1.061987129306314337e+00
6.798133040298260932e-01
2.906745655756631574e+00
1.442901845314158882e+00
1.038244880368030421e+00
-1.565978193756559778e-01
9.607503686620297856e-01
1.179245094945545302e+00
1.251574427041414195e+00
7.479651532424086424e-01
4.835478487045076212e-01
2.052136263026356655e+00
2.958008774499084823e-02
1.174039915746252216e+00
1.820251810979560458e+00
3.140098985972870071e+00
1.269731299406711367e+00
1.033614041445862997e+00
1.384753265222041785e+00
-3.972161441678868088e-01
3.339690347618193278e-02
1.558715468342047661e+00
1.164113086316836521e+00
2.078700308979760936e-01
1.910565376310889296e-01
